"idx" <- structure(c(1,2,3,4,5,6,7,8,9,10
), .Dim=c(10))
"N" <- 10
"x" <- structure(c(9.77680193984504,5.976284037989106,10.366738468828345,9.258711433924498,9.216393422247462,7.69434972516824,10.306738135700028,8.59236320253078,9.814621949198193,8.193063025756834
), .Dim=c(10))
"Ns" <- 10
"y" <- structure(c(329,27,507,275,152,134,593,146,308,176
), .Dim=c(10))
