"idx" <- structure(c(1,2,3,4,5,6,7,8,9,10
), .Dim=c(10))
"N" <- 10
"x" <- structure(c(8.3091865741816,10.326793610965964,11.41432591697356,9.61085573841655,7.434788666674904,9.588685332141488,7.973780115905888,10.181856559770397,8.320860990802638,10.888121743896448
), .Dim=c(10))
"Ns" <- 10
"y" <- structure(c(157,353,1036,200,118,296,214,489,144,577
), .Dim=c(10))
