"idx" <- structure(c(1,2,3,4,5,6,7,8,9,10
), .Dim=c(10))
"N" <- 10
"x" <- structure(c(8.313204697494129,9.171170339995799,6.623134171232815,5.071081340726045,10.460140771461308,10.073771030396292,7.756686237584372,6.759759270956691,9.120935850024283,9.156333719462685
), .Dim=c(10))
"Ns" <- 10
"y" <- structure(c(164,371,54,39,603,616,135,151,262,371
), .Dim=c(10))
