"idx" <- structure(c(1,2,3,4,5,6,7,8,9,10
), .Dim=c(10))
"N" <- 10
"x" <- structure(c(7.9884816371249565,10.802089462854635,9.66721180570703,8.948684154008387,11.354614296875663,9.853431660834206,11.305464044399809,8.50023308362078,8.784514615068769,10.949093433312537
), .Dim=c(10))
"Ns" <- 10
"y" <- structure(c(175,655,264,239,684,221,832,221,231,645
), .Dim=c(10))
