"N" <- 10
"y" <- structure(c(-0.058218962799175766,0.7798177446029779,0.33158674970069363,-1.2838221200040667,0.565595436191262,-0.05560764518304816,0.4006025532063648,1.3180748289366853,-0.502742080349278,0.48503099971610136
), .Dim=c(10))
