# stan_version_major = 2
# stan_version_minor = 19
# stan_version_patch = 1
# model = CmdStanGaussian2_model
# method = sample (Default)
#   sample
#     num_samples = 1000 (Default)
#     num_warmup = 1000 (Default)
#     save_warmup = 1
#     thin = 1 (Default)
#     adapt
#       engaged = 1 (Default)
#       gamma = 0.050000000000000003 (Default)
#       delta = 0.80000000000000004 (Default)
#       kappa = 0.75 (Default)
#       t0 = 10 (Default)
#       init_buffer = 75 (Default)
#       term_buffer = 50 (Default)
#       window = 25 (Default)
#     algorithm = hmc (Default)
#       hmc
#         engine = nuts (Default)
#           nuts
#             max_depth = 10 (Default)
#         metric = diag_e (Default)
#         metric_file =  (Default)
#         stepsize = 1 (Default)
#         stepsize_jitter = 1
# id = 1
# data
#   file = CmdStanGaussian2_1.data.R
# init = 2 (Default)
# random
#   seed = 1750852202
# output
#   file = CmdStanGaussian2_samples_1.csv
#   diagnostic_file =  (Default)
#   refresh = 100 (Default)
lp__,accept_stat__,stepsize__,treedepth__,n_leapfrog__,divergent__,energy__,mu,sigma
-8003.1,1,0.015625,1,1,0,15550.9,0.541999,1.8386
-8003.1,0,14.3855,0,1,1,8003.13,0.541999,1.8386
-8003.1,0,2.43117,0,1,1,8003.22,0.541999,1.8386
-8003.1,0,0.239791,0,1,1,8005.33,0.541999,1.8386
-8003.1,0,0.0186273,0,1,1,8003.71,0.541999,1.8386
-7975.17,1,0.00130482,2,3,0,8003.89,0.542207,1.83018
-7919.27,1,0.00189104,1,1,0,7975.96,0.541169,1.814
-5850.1,1,0.00305706,3,7,0,7874.73,0.400222,1.20277
-5697.38,1,0.00530085,1,1,0,5845.02,0.361546,1.17348
-5312.11,1,0.00961161,1,1,0,5640.75,0.248584,1.08624
-5127.13,1,0.0179176,1,1,0,5222.11,-0.098476,0.902659
-5127.13,0,0.0339435,0,1,1,5128.6,-0.098476,0.902659
-5056.93,1,0.00278004,2,3,0,5125.45,-0.0792861,0.926366
-4970.23,1,0.00539629,2,7,0,5050.4,-0.0145326,0.986434
-4969.26,0.915118,0.0104922,2,3,0,4970.42,-0.000134769,0.990516
-4969.26,0.00728279,0.0156515,1,1,0,4972.16,-0.000134769,0.990516
-4969.18,0.997016,0.00142788,4,23,0,4970.46,0.00310992,0.993663
-4969.04,0.99948,0.00278272,4,15,0,4969.43,-0.0093154,0.991671
-4969.48,0.963233,0.00542739,3,7,0,4969.96,-0.00920699,0.988527
-4969.71,0.978531,0.00941687,2,3,0,4969.89,-0.0122738,1.0059
-4969.71,1.29846e-12,0.0169804,1,1,0,4970.93,-0.0122738,1.0059
-4969.06,0.996683,0.00168233,2,7,0,4970.24,-0.0109178,1.00166
-4969.05,1,0.00322269,1,1,0,4969.07,-0.0109583,1.0016
-4970.35,0.850291,0.00617152,2,3,0,4971.52,-0.0233428,0.999859
-4970.4,0.827449,0.00759857,2,3,0,4971.97,0.00450209,0.98618
-4969.4,1,0.00873836,2,3,0,4970.61,-0.0102274,1.0047
-4969.4,2.54252e-12,0.0163514,1,1,0,4971.32,-0.0102274,1.0047
-4969.12,0.999811,0.00182543,2,3,0,4969.43,-0.0100328,1.00272
-4968.8,0.98628,0.00342472,1,3,0,4969.5,-0.00931588,0.999034
-4970.33,0.907287,0.00612534,2,7,0,4970.74,0.0109148,0.991886
-4968.93,1,0.00873985,2,3,0,4970.06,-0.00900847,1.00124
-4968.93,0.162945,0.0159472,1,1,0,4969.73,-0.00900847,1.00124
-4968.83,0.999188,0.00302216,3,7,0,4969.03,-0.00941548,0.999578
-4969.39,0.948434,0.00549544,2,7,0,4969.62,-0.0021821,1.00494
-4968.95,0.945836,0.00865048,1,3,0,4969.82,-0.0125486,0.995527
-4968.95,0.0069699,0.013425,1,1,0,4970.91,-0.0125486,0.995527
-4969.1,0.997016,0.00178665,2,7,0,4969.48,-0.0141779,0.995013
-4969.63,0.989193,0.00318168,3,11,0,4969.97,0.0071317,1.00057
-4968.84,0.948123,0.00550292,2,3,0,4970.31,-0.00452726,1.00064
-4969.94,0.873077,0.00849856,2,3,0,4970.08,-0.0212219,0.9955
-4972.34,0.833428,0.0107823,2,3,0,4972.44,-0.032532,0.99711
-4970.46,1,0.0123369,1,1,0,4972.17,-0.023052,1.00191
-4971.19,0.0148669,0.0213338,1,3,0,4973.79,0.00244422,0.982415
-4970.69,0.999968,0.00319665,3,15,0,4971.3,-0.0131965,1.01011
-4970.01,1,0.00553502,3,7,0,4970.76,-0.0154688,1.00614
-4969.7,0.959113,0.00950783,1,3,0,4970.33,-0.0110315,1.00625
-4969.7,0.252614,0.0146768,1,1,0,4969.74,-0.0110315,1.00625
-4968.72,0.999137,0.00411523,2,7,0,4969.75,-0.00795904,0.997266
-4969.2,0.875244,0.00698507,1,3,0,4969.44,-0.00514676,0.989826
-4968.94,0.916089,0.00877104,2,3,0,4970.12,-0.0123035,0.998319
-4969.46,0.174316,0.0120869,2,7,0,4972.83,-0.0174333,0.994493
-4969.81,0.995925,0.00291974,3,15,0,4970.31,0.0092527,0.997764
-4970.06,0.95759,0.00485687,2,7,0,4970.74,0.00401501,0.987569
-4968.79,0.974356,0.00734383,1,3,0,4970.41,-0.00684104,0.993924
-4969.36,0.41998,0.0114765,2,7,0,4970.43,-0.0140028,0.991391
-4969.58,0.980515,0.00503217,3,7,0,4969.95,0.00332485,1.00398
-4968.96,0.818174,0.0079453,3,7,0,4972.09,-0.0106114,1.00071
-4968.94,0.931968,0.0086501,2,7,0,4969.54,-0.000285526,0.993727
-4969.05,0.811382,0.0121362,2,3,0,4969.54,-0.00468169,1.00288
-4968.99,0.6447,0.0129623,2,3,0,4970.3,5.18346e-05,0.993222
-4968.81,0.968442,0.00956412,1,3,0,4969.26,-0.0104434,0.997183
-4969.05,0.813941,0.0144348,1,1,0,4969.16,-0.0121769,0.99314
-4969.05,0.0301805,0.015461,1,1,0,4970.47,-0.0121769,0.99314
-4969.37,0.942306,0.00300917,2,7,0,4971.94,-0.00276185,1.00493
-4969.32,0.996631,0.00428747,3,7,0,4969.94,-0.0152576,0.992948
-4969.74,0.948313,0.00683661,2,7,0,4970.46,0.00807449,1.00022
-4970.84,0.780014,0.00977818,1,1,0,4970.94,0.0150086,0.995985
-4970.84,0.450226,0.00973804,1,1,0,4972.28,0.0150086,0.995985
-4969.37,1,0.00482822,3,7,0,4970.75,0.00599898,0.996839
-4970.05,0.911894,0.00766366,3,15,0,4970.4,-0.0175622,1.00503
-4969.01,1,0.0100649,1,1,0,4969.65,-0.0135035,0.996754
-4969.01,0.210525,0.0158291,2,3,0,4969.48,-0.0135035,0.996754
-4968.7,0.979411,0.00483471,2,5,0,4969.69,-0.0068629,0.997271
-4969.06,0.819534,0.00727888,2,3,0,4970.06,0.00279579,0.995676
-4969.16,0.806169,0.00786379,2,3,0,4970.32,-0.00961229,1.00321
-4969.17,0.997451,0.0082595,1,1,0,4969.32,-0.00941724,1.0033
-4968.77,1,0.0127764,2,7,0,4968.87,-0.00276335,0.994952
-4968.77,0.0503603,0.0197755,1,1,0,4968.96,-0.00276335,0.994952
-4969.1,0.9753,0.00452972,2,5,0,4969.35,-0.0103456,0.991564
-4971.73,0.780781,0.00667696,2,3,0,4972.25,-0.029221,0.992374
-4969.64,1,0.00665977,2,3,0,4971.92,-0.0132082,1.0051
-4969.14,1,0.0102471,1,1,0,4969.66,-0.00856864,1.00328
-4969.14,0.233208,0.0156995,1,1,0,4970.76,-0.00856864,1.00328
-4969.64,0.983589,0.00533211,3,7,0,4970.21,-0.0160611,0.990707
-4970.08,0.977085,0.00790222,2,3,0,4970.26,0.00969201,1.00163
-4971.83,0.859577,0.0115202,2,3,0,4972,-0.0300666,0.993704
-4973.28,0.714522,0.0133353,2,3,0,4973.66,0.017367,1.01122
-4970.84,1,0.0116615,1,1,0,4972.47,0.0146324,0.994227
-4970.24,0.333578,0.0176334,1,3,0,4970.65,-0.0207574,1.00335
-4968.97,0.998763,0.00745843,2,3,0,4970.77,-0.00789075,1.00198
-4968.97,0.014533,0.0112295,1,1,0,4972.68,-0.00789075,1.00198
-4968.94,0.971307,0.00262425,2,7,0,4970.59,-0.00632865,0.991951
-4968.72,0.989807,0.00375495,3,7,0,4969.37,-0.00539387,0.998466
-4968.7,0.958941,0.00554413,3,7,0,4969.13,-0.00468716,0.996008
-4968.76,0.973021,0.00770108,2,3,0,4968.85,-0.00509441,0.994336
-4968.76,0.382906,0.0109483,1,3,0,4971.52,-0.00509441,0.994336
-4969.59,0.939733,0.00521209,2,3,0,4969.66,-0.013431,1.00464
-4969.75,0.986892,0.00695848,2,3,0,4969.89,-0.0132958,1.00571
-4969.69,0.952792,0.0101033,2,3,0,4970.48,-0.00180272,0.987404
-4972.67,0.203711,0.01374,1,1,0,4972.68,0.017256,1.00886
-4971.78,0.333333,1.22212,1,3,0,4973.76,0.00147789,0.980382
-4971.78,0,5.23143,0,1,1,4972.07,0.00147789,0.980382
-4970.85,1,0.617304,2,3,0,4972.17,0.00717806,0.98559
-4970.85,0.076327,0.712361,1,1,0,4975.9,0.00717806,0.98559
-4970.68,0.998556,0.0733812,4,15,0,4971.78,0.00119703,0.983862
-4969.47,1,0.106181,3,7,0,4970.82,-0.00421987,0.98825
-4968.83,0.988842,0.172341,2,7,0,4970.6,-0.000472772,0.996353
-4968.97,0.992569,0.289047,2,3,0,4969.02,0.00124263,0.994907
-4969.2,0.908826,0.510621,2,3,0,4969.78,-0.00513956,0.989874
-4969.22,0.751695,0.709055,2,3,0,4969.9,-0.00586968,1.0042
-4968.74,0.9519,0.60621,2,3,0,4969.47,-0.00387725,0.995001
-4968.74,0.809708,0.982835,1,1,0,4968.87,-0.00387725,0.995001
-4968.74,0.0420865,1.02106,1,1,0,4969.76,-0.00387725,0.995001
-4970.2,0.990856,0.0959008,3,15,0,4970.67,-0.00762107,0.984865
-4969.33,0.999689,0.178578,4,15,0,4970.38,-0.00781606,1.00478
-4969.33,1,0.340491,3,7,0,4969.59,-0.00941331,0.989444
-4969.41,0.96281,0.645856,1,1,0,4969.68,-0.00767901,0.988652
-4969.41,0.0927504,1.08527,1,3,0,4969.64,-0.00767901,0.988652
-4969.09,0.999317,0.129681,3,15,0,4969.74,-0.0041853,0.99072
-4968.7,0.992609,0.244872,3,7,0,4969.48,-0.00506021,0.997859
-4968.98,0.900794,0.449048,2,3,0,4969.57,0.000292501,0.993513
-4969.12,0.894144,0.621879,2,3,0,4969.62,-0.000631587,1.00243
-4973.21,0.0598058,0.840423,1,1,0,4973.32,0.00607176,0.977785
-4971.22,0.999933,0.100009,5,31,0,4974.23,-0.022214,1.00782
-4970.1,0.999893,0.185386,3,7,0,4971.95,-0.0221177,0.995207
-4968.92,1,0.340133,3,7,0,4970.27,-0.00753288,1.00148
-4969.12,0.766085,0.617959,2,3,0,4970.17,-0.00530775,1.00349
-4969.82,0.796098,0.576231,1,1,0,4969.89,-0.00627587,1.0076
-4971.77,0.857416,0.584904,2,3,0,4972.19,-0.0226214,0.984503
-4969.7,1,0.703117,2,3,0,4970.89,0.00792722,0.994011
-4969.7,0.0411535,1.24518,1,1,0,4969.85,0.00792722,0.994011
-4970.55,0.968957,0.161563,3,15,0,4972.6,0.00215539,1.0095
-4970.67,0.986557,0.263869,2,3,0,4971.23,0.00542586,1.00876
-4969.27,0.906635,0.448102,2,3,0,4972.25,-0.00152345,0.989981
-4968.94,0.950573,0.610452,2,3,0,4969.74,-0.00822297,1.00159
-4969.57,0.713417,0.928831,1,1,0,4969.7,-0.0188358,0.996795
-4968.74,0.441156,0.756211,2,3,0,4972.51,-0.00449383,0.998923
-4969.62,0.969141,0.305248,3,7,0,4969.81,-0.0183899,0.99372
-4968.82,0.714627,0.484897,2,3,0,4972.46,-0.00127245,0.998906
-4968.93,0.989433,0.399757,2,3,0,4969.01,0.00111528,0.998104
-4969.59,0.412748,0.662348,2,3,0,4971.36,-0.0178097,1.00083
-4969,0.985528,0.255966,3,7,0,4970.67,-0.000111695,0.992973
-4968.76,1,0.418165,2,3,0,4969.02,-0.00385065,0.994569
-4969.09,0.849617,0.702937,1,1,0,4969.13,-0.00705087,0.990743
-4968.96,0.819106,0.810494,2,3,0,4969.21,-0.00568366,0.99172
-4968.96,0.0148589,0.865649,1,1,0,4970.75,-0.00568366,0.99172
-4969.34,0.99809,0.131658,4,15,0,4969.38,-0.00745077,0.98902
-4969.43,0.984533,0.218782,3,7,0,4970.36,-0.000429606,0.989234
-4968.86,0.98193,0.349482,2,5,0,4969.87,-0.00686546,0.992924
-4969.26,0.683026,0.551249,2,3,0,4971.53,-0.00896296,1.00407
-4969.26,0.000976332,1.70869,1,1,0,4971.63,-0.00896296,1.00407
-4969.26,0,3.99698,0,1,1,4969.49,-0.00896296,1.00407
-4969.59,0.987836,0.394307,3,7,0,4969.74,-0.00327602,0.987703
-4969.18,0.997842,0.397694,3,7,0,4969.89,0.000172139,0.991305
-4969.82,0.968281,0.53345,2,3,0,4970.07,0.00915295,0.99881
-4968.8,0.888465,0.757699,2,3,0,4970.37,-0.0015386,0.998489
-4968.8,0.785049,0.913325,1,1,0,4969.01,-0.0015386,0.998489
-4968.8,0.729914,0.830454,1,3,0,4970.06,-0.0015386,0.998489
-4968.72,0.999381,0.647112,3,7,0,4968.82,-0.00334098,0.996721
-4968.72,0.0145541,1.19549,1,3,0,4969.97,-0.00334098,0.996721
-4969.04,0.995562,0.0993674,4,23,0,4970.5,-0.0106075,1.00164
-4969.37,0.990275,0.185375,2,7,0,4969.91,-0.0123968,1.00363
-4970.97,0.908069,0.342136,3,7,0,4971.53,-0.00613311,0.98205
-4969.03,1,0.488491,2,3,0,4971.24,-0.00156059,0.991884
-4969.1,0.980413,0.929315,1,1,0,4969.27,-0.000159083,0.991912
-4969.1,0.126737,1.6554,1,3,1,4969.23,-0.000159083,0.991912
-4971.09,0.977118,0.211958,3,7,0,4971.19,0.0128588,1.00538
-4970.32,1,0.376086,3,7,0,4971.09,-0.0192976,0.988794
-4970.95,0.834763,0.710178,2,3,0,4973.17,-0.0263242,1.0003
-4970.5,0.957649,0.808792,2,3,0,4971.61,-0.0177624,1.00739
-4970.5,0.0280744,1.32695,1,3,0,4970.71,-0.0177624,1.00739
-4971.25,0.995084,0.138352,4,15,0,4973.61,-0.0235631,0.987486
-4972.5,0.975698,0.255291,3,7,0,4973.17,-0.0195891,0.980486
-4970.5,0.972094,0.440915,2,3,0,4973.41,-0.0180911,1.00715
-4970.27,0.813778,0.746956,2,3,0,4971.56,-0.0138626,0.985978
-4971.03,0.953197,0.797996,2,3,0,4971.07,0.00966128,1.00789
-4971.03,0.0130189,1.2642,1,1,0,4971.51,0.00966128,1.00789
-4969.74,0.998946,0.141725,4,15,0,4971.99,0.00827637,0.994284
-4969.78,0.996822,0.256837,3,7,0,4970.31,0.00741931,1.00186
-4968.9,0.999856,0.458163,3,7,0,4970.21,-0.00680449,0.992452
-4968.88,0.988796,0.816237,2,3,0,4969.05,-0.000880917,0.994231
-4968.88,0.000874845,1.39773,1,1,0,4970.57,-0.000880917,0.994231
-4969.76,0.992517,0.165748,4,15,0,4969.94,-0.0150963,1.0048
-4969.74,0.987894,0.287855,3,7,0,4970.55,-0.00941713,1.00683
-4969.62,0.831651,0.489435,2,7,0,4972.67,0.00791866,0.998047
-4969.67,0.875711,0.547143,2,7,0,4971.33,-0.0183276,0.992914
-4971.01,0.896492,0.6849,3,7,0,4971.24,-0.0269003,0.995248
-4970.21,0.489883,0.901491,2,3,0,4972.46,0.00702835,1.00547
-4969.93,1,0.415772,3,7,0,4970.38,-0.0186529,0.990865
-4969.93,0.158429,0.712074,1,1,0,4973.26,-0.0186529,0.990865
-4971,0.989855,0.143884,3,7,0,4971.3,-0.0180383,0.984769
-4969.48,0.991445,0.24014,3,7,0,4971.86,-0.0160487,1.00189
-4968.89,0.901327,0.399307,1,3,0,4971.27,-0.00938691,0.993431
-4969.1,0.971297,0.527276,2,7,0,4969.19,-0.00654012,1.0033
-4969.6,0.450389,0.823451,2,3,0,4971.6,-0.0172203,0.992181
-4970.14,0.96622,0.358588,3,7,0,4970.9,0.00330079,1.00725
-4969.79,1,0.551073,2,3,0,4970.39,-0.00233374,0.986809
-4970.11,0.892031,0.913003,1,1,0,4970.75,0.00232226,0.986584
-4969.07,0.818918,1.16055,2,7,0,4969.23,-0.0129233,0.993632
-4969.07,0.00486245,1.23611,1,1,0,4969.91,-0.0129233,0.993632
-4969.09,0.998292,0.193082,4,15,0,4969.41,-0.00854003,0.990975
-4969.09,0.995887,0.316405,3,15,0,4969.68,0.00265914,0.994618
-4971.02,0.753718,0.512211,3,7,0,4972.74,-0.0263828,0.993187
-4968.99,0.971541,0.470791,2,5,0,4972.18,0.000916953,0.999801
-4969.11,0.920114,0.714271,2,7,0,4969.46,-0.00399637,0.990569
-4968.83,0.989567,0.958513,2,7,0,4968.98,-0.00562055,0.993158
-4968.83,5.80136e-12,1.50002,1,1,0,4970.87,-0.00562055,0.993158
-4968.8,0.990048,0.25096,2,7,0,4969.37,-0.00208252,0.998995
-4969.07,0.963885,0.394152,1,3,0,4969.61,0.00302283,0.996187
-4968.74,0.985581,0.580771,3,7,0,4969.4,-0.00253244,0.997738
-4968.74,0.512733,0.893595,1,3,0,4969.76,-0.00253244,0.997738
-4970.64,0.721975,0.483312,2,3,0,4972.41,0.00752903,0.986726
-4969.56,1,0.416057,3,7,0,4970.74,0.00637572,0.993203
-4970.4,0.829414,0.656682,1,1,0,4970.42,0.0100042,0.990158
-4969.87,1,0.712959,2,3,0,4970.47,0.00677056,0.990655
-4968.75,1,1.11585,1,1,0,4969.25,-0.0023758,0.997704
-4968.75,2.80174e-07,1.73754,1,1,0,4970.09,-0.0023758,0.997704
-4968.75,0.999991,0.321189,3,7,0,4968.76,-0.00212588,0.997451
-4969,0.932679,0.501035,1,3,0,4969.28,-0.00405372,0.991549
-4968.94,1,0.675084,1,1,0,4969.05,-0.00328302,0.992196
-4969.5,0.635756,1.04369,2,3,0,4970.19,0.00636762,0.994016
-4968.98,0.952354,0.7527,2,3,0,4970.08,-0.0126897,0.995065
-4969.34,0.682306,1.04881,2,7,0,4969.73,-0.00290212,0.989164
-4969.88,0.805302,0.835177,2,3,0,4970.4,-0.00805438,0.98627
-4970.94,0.266179,0.857549,2,3,0,4972.95,0.0010142,1.01132
-4971.43,0.986964,0.293417,3,7,0,4972.05,-0.00300469,1.01353
-4968.76,0.997124,0.43756,2,5,0,4971.2,-0.00914103,0.997719
-4969.19,0.832538,0.6633,2,3,0,4969.74,-0.00674486,1.00394
-4970.58,0.843119,0.71958,2,3,0,4970.84,-0.0151143,1.009
-4971.48,0.717994,0.796612,1,1,0,4972.13,-0.0179708,1.01134
-4969.73,0.950286,0.686981,2,3,0,4971.46,0.00540014,0.990493
-4969.73,0.363654,0.939256,1,3,0,4971.84,0.00540014,0.990493
-4969.91,0.915739,0.403424,2,7,0,4972.79,-0.0189785,1.00263
-4970.35,0.953113,0.515172,3,7,0,4970.94,0.00793176,1.00561
-4970.35,0.652179,0.705932,1,1,0,4971.71,0.00793176,1.00561
-4974.62,0.73277,0.537772,2,3,0,4974.96,0.0220846,0.983109
-4974.32,1,0.479862,1,1,0,4975.16,0.0206924,0.982812
-4970.94,1,0.716563,1,1,0,4973.55,0.0120948,0.988961
-4973.42,0.247907,1.06607,3,7,0,4975.27,-0.00378339,1.01896
-4969.7,0.999595,0.376902,2,7,0,4973.29,0.0020981,0.988598
-4970.15,0.977752,0.559854,2,7,0,4970.52,0.00710099,1.00505
-4969.67,1,0.79516,2,3,0,4970.39,-0.0174357,1.00226
-4969.71,0.902686,1.17394,2,3,0,4970.07,0.00709176,0.992434
-4969.71,0.034732,1.43947,1,1,0,4969.96,0.00709176,0.992434
-4968.84,0.999044,0.349269,3,7,0,4969.98,-0.0110992,0.996978
-4972.61,0.856189,0.513877,3,7,0,4972.69,0.0222723,0.996291
-4971.83,1,0.578648,1,1,0,4972.74,0.0191451,0.999709
-4969.15,0.428784,0.84818,2,3,0,4976,0.00387268,0.997835
-4970.61,0.871589,0.434881,1,3,0,4971.57,0.0134733,1.00015
-4970.93,0.97583,0.503176,1,1,0,4971.02,0.0152601,0.999298
-4970.93,0.00183518,1.40561,1,1,0,4972.16,0.0152601,0.999298
-4970.93,0,3.29316,0,1,1,4971.64,0.0152601,0.999298
-4970.67,0.996027,0.325025,2,3,0,4971.28,0.0141796,0.996359
-4969.97,0.944153,0.335138,3,7,0,4973.98,-0.00732824,0.985831
-4970.02,0.999469,0.386282,3,7,0,4970.17,-0.00443875,1.0085
-4968.85,0.989635,0.598799,2,3,0,4970.26,-0.00940692,0.999806
-4969.02,0.943345,0.982811,2,3,0,4969.2,0.00144263,0.994075
-4969.02,0.556411,1.4692,1,1,0,4969.07,0.00144263,0.994075
-4969.6,0.846577,0.668573,2,3,0,4970.23,-0.00776691,0.987617
-4969.46,1,0.763187,2,3,0,4969.98,0.00465747,1.00192
-4969.46,0.1206,1.43069,1,1,0,4971.04,0.00465747,1.00192
-4969.77,0.998294,0.167753,3,7,0,4969.94,0.0078026,1.00118
-4969.06,0.98294,0.317439,2,7,0,4970.86,0.000556055,1.00112
-4969.93,0.782888,0.57284,2,3,0,4971.72,-0.01621,1.00522
-4969.46,0.977022,0.552704,3,7,0,4970.61,-0.00373114,1.00564
-4969.46,0.0911977,0.976239,1,1,0,4972.44,-0.00373114,1.00564
-4968.7,0.99704,0.112309,3,11,0,4970.42,-0.00551387,0.998104
-4969.13,0.992957,0.212466,4,15,0,4969.46,-0.00931464,0.990874
-4969.32,0.899012,0.393883,2,7,0,4972.66,0.0044742,0.993577
-4969.37,0.974442,0.545874,2,7,0,4969.94,-0.00531372,0.988782
-4970.45,0.606627,0.943106,1,1,0,4970.74,-0.00204975,0.984069
-4968.76,0.999187,0.544602,3,7,0,4970.35,-0.00176906,0.996955
-4968.76,0.1952,1.0037,1,1,0,4970.52,-0.00176906,0.996955
-4968.7,0.999857,0.176977,3,15,0,4968.8,-0.0065708,0.99739
-4968.95,0.989606,0.326786,2,7,0,4969.06,-0.0119724,0.999369
-4970.43,0.87432,0.580076,2,3,0,4970.61,-0.0239496,0.994915
-4968.76,0.977969,0.73573,1,3,0,4970.62,-0.00643053,0.999406
-4969.07,0.815887,1.24362,1,1,0,4969.13,0.00190003,0.999987
-4969.07,0.184352,1.32679,1,1,0,4970.33,0.00190003,0.999987
-4969.01,0.99954,0.247186,3,15,0,4969.32,0.000516498,0.993296
-4969.34,0.959337,0.44154,2,7,0,4970.09,-0.0169596,0.996699
-4968.71,0.957192,0.700379,1,3,0,4969.67,-0.00362911,0.996477
-4968.71,0.374144,1.09621,1,1,0,4969.45,-0.00362911,0.996477
-4969.37,0.927276,0.358695,2,7,0,4970.98,0.0059456,0.996421
-4969.58,0.99207,0.517632,2,3,0,4969.64,0.00759012,0.998254
-4968.81,1,0.880531,2,3,0,4969.56,-0.0101667,0.995781
-4968.81,0.0574199,1.51633,1,1,0,4969.46,-0.0101667,0.995781
-4971.96,0.95898,0.225712,3,11,0,4972.18,-0.0302132,1.00195
-4969.36,0.97959,0.350504,3,7,0,4973.47,-0.0169294,0.99846
-4969.54,0.957208,0.569755,2,3,0,4970.07,-0.0148833,1.00341
-4970.27,0.551367,0.868708,2,3,0,4971.7,-0.00459118,0.984519
-4970.68,0.980783,0.475022,3,7,0,4971.75,-0.0065674,1.01113
-4968.76,0.987433,0.764217,2,3,0,4970.76,-0.00750299,0.994731
-4968.76,0.446465,1.24114,1,1,0,4969.24,-0.00750299,0.994731
-4968.93,0.923933,0.529875,1,3,0,4969.65,-0.000645188,1.00033
-4973.06,0.42541,0.733766,1,3,0,4973.89,0.0237552,0.995401
-4968.82,0.993497,0.302329,2,7,0,4973.81,-0.00613265,1.00044
-4968.94,0.988628,0.494502,3,7,0,4969.11,-0.0125507,0.996157
-4969.21,0.870889,0.794006,2,3,0,4969.83,0.00256643,1.00127
-4970.34,0.657553,0.957891,1,1,0,4970.48,0.0121009,0.999769
-4969.31,0.876239,0.697104,2,3,0,4971.95,-0.0161809,0.99467
-4969.8,0.833492,0.850044,2,3,0,4970.43,0.00384008,1.0051
-4969.86,0.622342,0.935907,2,3,0,4972.75,0.00905736,0.994092
-4971.21,0.786524,0.631698,2,3,0,4972.18,-0.00099541,1.01261
-4971.83,0.918337,0.624695,2,3,0,4973.32,-0.0272433,0.988382
-4971.71,0.976613,0.834592,2,3,0,4973.57,0.00375634,1.01319
-4969.14,1,1.26783,1,1,0,4970.36,-0.0121872,1.00175
-4969.14,2.08761e-08,2.01957,1,1,0,4970.98,-0.0121872,1.00175
-4968.7,0.987568,0.340539,3,7,0,4969.77,-0.00604671,0.997962
-4968.74,0.964562,0.528783,3,7,0,4969.16,-0.00273511,0.996157
-4969.21,0.892115,0.776154,2,3,0,4969.28,-0.00527541,0.989747
-4970.1,0.684776,0.966911,2,3,0,4970.96,0.0110073,0.995603
-4970.21,0.981663,0.763348,2,3,0,4970.7,-0.0225152,0.999929
-4970.21,0.4116,1.15238,2,7,0,4971.81,-0.0225152,0.999929
-4970.1,0.976638,0.504766,2,3,0,4971.02,-0.021549,0.993395
-4968.89,0.99491,0.751948,1,3,0,4969.92,-0.0100131,0.993834
-4968.89,0.118326,1.15951,1,1,0,4970.38,-0.0100131,0.993834
-4968.84,0.999913,0.275968,3,7,0,4968.93,-0.00416898,1.00064
-4969.81,0.887009,0.430319,2,5,0,4970.91,-0.0112629,1.00675
-4970.11,0.991519,0.526585,3,7,0,4970.62,0.00877321,0.990883
-4969.12,0.983903,0.800023,2,3,0,4970.3,-0.000853432,1.00254
-4969.25,0.915242,1.19093,1,3,0,4969.33,-0.00308077,0.989728
-4969.24,1,1.53148,1,1,0,4969.6,0.0047952,0.996033
-4969.24,0.0831047,2.33858,1,3,1,4969.53,0.0047952,0.996033
-4968.89,0.997461,0.543608,2,3,0,4969.39,-0.00647072,1.00137
-4970.11,0.579687,0.826513,2,3,0,4971.82,-0.000718113,0.985679
-4969.98,0.999768,0.536407,3,7,0,4970.27,-0.00185581,0.986011
-4969.28,0.993732,0.81586,1,3,0,4969.94,-0.00849175,0.989623
-4969.67,0.836632,1.22077,2,5,0,4969.87,0.00263118,1.00499
-4969.67,0.159333,1.32932,1,1,0,4971.05,0.00263118,1.00499
-4968.97,0.977969,0.376347,3,7,0,4970.71,-0.0129778,0.997508
-4969.85,0.922075,0.544579,2,3,0,4970.08,-0.0189624,1.00215
-4970.11,0.888779,0.703362,2,3,0,4971.51,-0.0188415,0.989746
-4970.17,0.979837,0.848953,2,3,0,4970.76,0.00137692,1.00812
-4970.17,0.399155,1.22155,1,3,0,4972.37,0.00137692,1.00812
-4969.02,1,0.567488,2,3,0,4970.35,-0.0131296,0.999141
-4969.72,0.880028,0.847614,2,3,0,4970.01,0.00540432,0.990544
-4968.98,1,1.00142,1,1,0,4969.53,-0.00282035,0.991929
-4968.98,0.753916,1.48629,1,1,0,4969.42,-0.00282035,0.991929
-4968.98,0.0451635,1.37512,1,1,0,4970.32,-0.00282035,0.991929
-4969.22,0.992813,0.331773,3,7,0,4969.56,-0.0156447,0.995441
-4968.8,0.882929,0.485517,2,5,0,4971.23,-0.000981301,0.996146
-4969.61,0.8784,0.575889,2,3,0,4969.94,0.000705883,0.988568
-4969.17,0.789503,0.676271,2,3,0,4970.84,-0.00284973,1.00357
-4969.15,0.996518,0.671883,2,7,0,4969.5,0.00328375,0.999536
-4970.21,0.644421,0.980348,1,1,0,4970.34,0.00961935,1.00297
-4969.52,0.857341,0.743648,2,3,0,4972.2,-0.0172928,1.00074
-4970.09,0.508364,0.836704,2,3,0,4973.85,-0.0205605,1.00223
-4968.94,1,0.496004,2,3,0,4970.15,-0.00489824,0.99202
-4968.98,0.973107,0.724539,2,3,0,4969.32,-0.00446907,1.00223
-4969.09,0.634577,1.00469,2,3,0,4969.92,-0.00915401,0.991196
-4969.11,0.997556,0.75266,2,3,0,4969.21,-0.00244667,1.00301
-4969.12,0.961691,1.08758,2,7,0,4969.3,-0.0148609,0.996869
-4969.71,0.581038,1.46909,1,1,0,4969.73,0.00835933,0.999084
-4968.8,0.971672,1.00186,2,3,0,4969.53,-0.00568491,1.00024
-4968.75,1,1.37465,1,1,0,4968.78,-0.00889645,0.996443
-4968.75,0.218199,1.97845,1,1,0,4968.79,-0.00889645,0.996443
-4968.77,0.973764,0.712607,1,3,0,4968.96,-0.00163002,0.997198
-4968.77,0.56984,0.978954,2,3,0,4969.88,-0.009314,0.997643
-4969,0.960163,0.66038,2,3,0,4969.14,-0.0102833,1.00138
-4969,0.673689,0.883938,1,3,0,4970.01,-0.0102833,1.00138
-4970.19,0.901351,0.716835,2,3,0,4970.22,0.00339705,0.986623
-4970.19,0.771156,0.864204,1,1,0,4971.09,0.00339705,0.986623
-4969.1,1,0.830731,2,3,0,4970.18,-0.0104867,0.991579
-4969.05,0.986353,1.18459,2,7,0,4969.11,0.000870262,1.00075
-4969.05,4.57956e-12,1.64575,1,1,0,4971.57,0.000870262,1.00075
-4969.59,0.987872,0.422453,3,7,0,4969.73,0.00774741,0.997384
-4968.78,1,0.589187,2,3,0,4969.55,-0.00514549,0.999881
-4971.69,0.469857,0.836783,1,3,0,4972.15,0.0145067,0.987404
-4971.73,0.99925,0.483589,3,7,0,4972.04,0.0144028,0.987113
-4973.09,0.762384,0.684667,1,1,0,4973.5,0.0207323,0.987842
-4970.92,1,0.649601,2,3,0,4973.02,0.0154111,0.99654
-4969.66,1,0.917613,2,3,0,4971.05,-0.0188125,1.00001
-4969.09,0.959018,1.29306,2,5,0,4969.33,0.000787722,0.99254
-4969.09,5.04334e-10,1.69809,1,1,0,4971.59,0.000787722,0.99254
-4969.64,0.926901,0.454589,2,5,0,4970.56,-0.0186594,0.999975
-4969.07,0.82593,0.567083,2,3,0,4971.82,-0.00880404,1.00261
-4968.84,0.908801,0.598232,2,3,0,4970.03,-8.83667e-05,0.997088
-4971.81,0.724174,0.722658,2,3,0,4971.92,-0.0299514,0.993507
-4972.95,0.828211,0.644764,1,1,0,4973.29,-0.0346795,0.996401
-4975.04,0.668947,0.681988,1,1,0,4975.41,-0.0411471,0.997871
-4970.43,0.996506,0.556783,3,7,0,4975.44,-0.0234955,1.0007
-4970.24,0.931066,0.773312,2,3,0,4971.5,0.0119372,0.997832
-4970.24,0.727546,0.964372,1,1,0,4971.26,0.0119372,0.997832
-4970.78,0.926844,0.865764,2,3,0,4971.46,0.00676106,1.00856
-4970.6,1,1.07042,2,3,0,4971.34,0.00784789,1.00703
-4968.94,0.333671,1.48548,1,3,0,4969.46,-0.000361104,0.993563
-4968.83,0.884125,0.711926,2,3,0,4969.98,-0.00639837,1.00056
-4968.95,0.981302,0.821294,2,3,0,4968.97,-0.00173807,0.992621
-4969.25,0.918287,1.10396,2,7,0,4969.33,0.00145539,1.00253
-4969.25,0.170496,1.34098,1,1,0,4969.86,0.00145539,1.00253
-4969.56,0.980083,0.501866,3,7,0,4969.84,-0.0146248,0.990215
-4969.1,1,0.672431,2,3,0,4969.51,-0.0137299,0.994202
-4969.31,0.691982,0.927772,2,3,0,4970.2,0.0015196,1.00302
-4969.01,1,0.790504,2,3,0,4969.36,-0.0129431,0.994724
-4969.34,0.841451,1.08798,1,1,0,4969.48,-0.0155253,1.00095
-4971.47,0.457517,1.16904,2,7,0,4971.87,-0.0269352,0.990203
-4971.91,0.920801,0.693926,2,7,0,4973.48,0.0179564,1.00377
-4969.1,1,0.843266,2,3,0,4971.58,-0.0122813,0.992654
-4970.64,0.413928,1.1559,2,5,0,4971.07,-0.00387233,0.98321
-4969.67,0.703218,0.64476,1,3,0,4973.92,-0.0155771,1.00388
-4969.98,0.955302,0.561208,1,1,0,4970.04,-0.0165876,1.00526
-4970.8,0.949501,0.7175,2,3,0,4971.02,-0.0235087,1.00416
-4969.41,0.753213,0.907973,2,3,0,4972.87,-0.00662898,0.988542
-4969.62,0.878176,0.852548,2,3,0,4970.52,-0.0166824,1.00257
-4969.37,0.988268,0.966961,2,3,0,4969.94,-0.00349645,0.988901
-4969.37,0.189469,1.29339,1,1,0,4969.69,-0.00349645,0.988901
-4968.79,0.936843,0.520901,3,7,0,4970.5,-0.00998201,0.997246
-4968.7,0.961177,0.645181,2,3,0,4969.13,-0.00630014,0.995949
-4971.17,0.526717,0.82766,1,3,0,4971.51,0.00542196,1.01078
-4970.6,1,0.55543,3,7,0,4971.21,-0.00154641,1.01057
-4969.3,1,0.754024,2,3,0,4970.42,-0.0089373,1.00438
-4970.27,0.659446,1.02189,1,1,0,4970.56,-0.0196151,1.00473
-4968.75,1,0.836377,1,3,0,4969.84,-0.00878772,0.997649
-4968.75,0.102201,1.13127,1,1,0,4970.79,-0.00878772,0.997649
-4969.32,0.965738,0.408906,2,7,0,4969.75,0.00523929,0.998938
-4969.33,0.995713,0.526156,3,7,0,4969.79,0.00168143,0.99093
-4969.17,0.995473,0.706353,2,7,0,4969.64,-0.0105978,1.00287
-4969.29,0.936425,0.946436,2,3,0,4969.62,0.00296914,0.992174
-4970.15,0.193747,1.16208,2,5,0,4973.49,-0.0215149,0.992722
-4969.95,0.998459,0.485997,3,7,0,4970.79,0.0079859,0.991295
-4969.28,1,0.653098,2,3,0,4969.92,0.00158004,0.991277
-4970.12,0.349462,0.878237,2,3,0,4973.5,-0.021882,0.994016
-4969.99,0.990108,0.46286,2,3,0,4970.79,-0.0203003,1.00164
-4968.85,0.973789,0.613239,2,3,0,4970.45,-0.00680507,1.00078
-4969.31,0.874937,0.792576,2,3,0,4969.75,0.00540137,0.998053
-4971.76,0.428163,0.888457,1,1,0,4971.82,0.0177533,0.991545
-4970.88,1,0.527092,3,7,0,4972.48,0.0093785,0.986849
-4969.4,0.902093,0.705913,2,3,0,4972.14,-0.0127101,0.990221
-4969.4,0.485343,0.821813,2,3,0,4972.39,-0.0127101,0.990221
-4969.41,0.998348,0.530703,3,7,0,4969.77,0.00431619,1.00173
-4968.99,0.939036,0.707503,2,3,0,4970.04,-0.00400478,1.00232
-4970.74,0.418668,0.866525,2,3,0,4972.8,-0.0081152,1.01124
-4970.12,1,0.511198,1,1,0,4970.7,-0.0070499,1.00892
-4968.96,0.943709,0.681658,2,3,0,4970.69,-0.000837276,1.0008
-4969.34,0.89357,0.839121,1,1,0,4969.4,0.0044965,1.00072
-4969.41,0.972387,0.962354,1,1,0,4969.67,0.00476887,1.00119
-4969.9,0.465063,1.23048,2,5,0,4970.81,-0.00509251,0.986042
-4969.2,1,0.778296,1,1,0,4969.79,-0.00833162,0.990102
-4968.9,0.499178,1.03312,2,3,0,4970.38,-0.00554028,1.00153
-4968.74,0.980082,0.686683,1,3,0,4969.07,-0.00391816,0.995089
-4968.77,0.994395,0.88593,2,3,0,4968.79,-0.00207754,0.998069
-4968.77,0.407845,1.16424,1,1,0,4969.31,-0.00207754,0.998069
-4968.97,0.907613,0.684646,2,3,0,4969.51,-0.0130273,0.996301
-4968.86,0.917257,0.798619,2,3,0,4969.44,-0.00667066,0.99295
-4968.99,0.872639,0.943196,2,3,0,4969.36,-0.0105462,1.0011
-4970.17,0.71724,1.04758,2,3,0,4970.3,-0.0212795,1.00202
-4970.17,0.261752,0.941963,2,3,0,4973.81,-0.0212795,1.00202
-4969.61,0.993864,0.457552,2,3,0,4970.64,-0.0116266,1.00552
-4972.15,0.803697,0.599073,2,3,0,4972.66,-0.0265428,0.986094
-4972.15,8.34007e-25,2.42552,1,1,0,4972.6,-0.0265428,0.986094
-4972.15,0,5.66375,0,1,1,4972.42,-0.0265428,0.986094
-4972.05,0.980729,0.558442,3,7,0,4974.3,0.0148772,1.00838
-4969.76,1,0.552506,2,3,0,4972.07,0.00505292,1.00408
-4969.71,1,0.744531,1,1,0,4969.93,0.0054319,1.00336
-4969.19,1,1.16155,2,3,0,4969.63,-0.00277713,0.990201
-4969.19,5.41199e-05,1.97415,1,1,0,4972.03,-0.00277713,0.990201
-4968.78,0.996709,0.157014,3,15,0,4970.29,-0.00179986,0.99838
-4969.22,0.983148,0.277516,2,7,0,4969.94,-0.0154793,0.994902
-4969.39,0.993384,0.484259,3,7,0,4969.59,0.00597573,0.998593
-4970.11,0.836409,0.887779,2,3,0,4970.9,0.00259863,0.986682
-4969.92,1,0.999725,2,3,0,4970.36,-0.00732523,1.00802
-4969.92,2.7601e-10,1.89489,1,1,0,4972.22,-0.00732523,1.00802
-4972.13,0.989859,0.156019,4,15,0,4973.23,0.0134615,1.00989
-4973.17,0.984359,0.289939,3,7,0,4974.1,0.0213562,1.00641
-4971.91,1,0.527843,3,7,0,4975.6,-0.0211226,0.983059
-4970.31,1,1.00295,2,3,0,4971.68,0.00999457,1.00331
-4970.31,0.243512,1.89146,1,1,0,4972.27,0.00999457,1.00331
-4970.07,0.992467,0.357267,3,15,0,4971.4,-0.0198469,1.00299
-4969.32,0.977805,0.659127,3,15,0,4970.71,0.00443033,1.00047
-4969.2,0.977182,1.15363,2,3,0,4969.68,-0.0156767,0.996761
-4969.2,1.96263e-20,1.99813,1,1,0,4974.02,-0.0156767,0.996761
-4968.88,0.9915,0.195559,3,15,0,4970.98,-0.0115589,0.998081
-4969.41,0.989146,0.355487,3,7,0,4969.59,-0.00801716,1.00523
-4969.77,0.955999,0.635625,1,1,0,4969.78,-0.00872842,1.00715
-4968.73,0.969269,1.02395,1,3,0,4969.68,-0.00401001,0.995372
-4968.72,1,1.69918,1,1,0,4968.73,-0.00769708,0.997964
-4968.72,2.03782e-19,3.04796,1,1,0,4969.27,-0.00769708,0.997964
-4969.6,0.944207,0.334203,4,15,0,4971.99,-0.00614288,0.987513
-4970,0.984226,0.515926,3,7,0,4970.53,0.00199028,1.00709
-4968.92,0.979437,0.882333,2,3,0,4970.29,-0.0106606,1.00011
-4969.03,0.874305,1.47631,2,7,0,4969.13,-0.0101986,0.992085
-4969.16,0.839713,1.84527,1,1,0,4969.36,0.00344035,0.994588
-4969.16,0.000519076,2.09517,1,1,0,4969.4,0.00344035,0.994588
-4968.73,0.999586,0.256745,3,15,0,4969.26,-0.00385372,0.995229
-4968.99,0.986624,0.449896,2,3,0,4969.03,-0.00561316,0.991452
-4968.93,0.991567,0.755374,2,3,0,4969.13,-0.00791821,1.00151
-4969.27,0.316313,1.27416,2,7,0,4971.05,0.00368787,0.993237
-4969.39,0.978715,0.376285,3,7,0,4970.72,-0.0161803,0.993266
-4968.9,0.993262,0.612508,3,7,0,4969.82,-0.0030401,0.99273
-4968.76,0.985429,1.02672,2,3,0,4968.96,-0.00464616,0.999438
-4968.76,0.371797,1.67444,1,1,0,4969,-0.00464616,0.999438
-4968.78,0.998382,0.587296,3,7,0,4968.83,-0.00182679,0.998324
-4969.46,0.847084,0.985774,1,3,0,4969.46,0.00586433,1.00033
-4969.22,0.763939,1.13237,2,3,0,4970.6,-0.0149853,0.99998
-4969.33,0.985172,1.05979,2,3,0,4969.36,0.00522669,0.994709
-4969.33,0.0802259,1.69644,1,1,0,4969.7,0.00522669,0.994709
-4969.75,0.978403,0.305909,3,7,0,4970.81,0.00823608,1.00016
-4969.48,0.995511,0.48271,3,7,0,4970.48,-0.0180709,0.997879
-4969.81,0.840972,0.78826,2,3,0,4971.52,-0.00466862,0.986486
-4969.27,0.863412,0.888292,2,3,0,4971.31,-0.0114263,1.00331
-4970.1,0.79565,1.05324,2,3,0,4970.4,-0.00231261,0.985426
-4972.87,0.565252,1.06421,2,3,0,4973.65,0.0220823,0.99165
-4973.11,0.995436,0.631206,3,7,0,4973.7,0.023631,0.99386
-4971.07,1,1.01203,1,1,0,4973.05,0.0144166,0.991127
-4969.61,0.797233,1.62969,1,3,0,4969.95,-0.0106717,1.00584
-4970.11,0.293295,1.64701,2,7,0,4970.41,-0.0159108,0.987662
-4969.51,0.998718,0.534513,2,7,0,4970.44,0.00649367,0.999888
-4969.44,0.992642,0.85384,2,3,0,4969.98,-0.0176601,0.995619
-4970.89,0.388027,1.33788,2,3,0,4971.3,0.0152658,0.998176
-4970.01,1,0.546961,2,3,0,4970.94,0.00999665,1.00013
-4970.31,0.969972,0.868505,2,3,0,4970.63,-0.0197829,0.98927
-4968.87,1,1.28432,1,1,0,4969.62,-0.00647592,0.992741
-4968.87,3.1275e-06,2.01802,1,1,0,4970.28,-0.00647592,0.992741
-4969.61,0.981397,0.362985,3,7,0,4969.77,-0.0130097,1.005
-4971.78,0.863259,0.549009,3,7,0,4972.54,0.0188647,1.00007
-4969.55,0.983021,0.641979,2,3,0,4972.16,0.00722459,0.995381
-4969.02,0.809642,0.966598,2,3,0,4970.9,-0.00471493,0.99127
-4968.76,1,1.00408,2,3,0,4969.01,-0.00192723,0.996548
-4968.76,0.11748,1.55572,1,1,0,4969.82,-0.00192723,0.996548
-4969.63,0.968929,0.378741,2,3,0,4969.64,0.00779211,0.998832
-4968.84,1,0.55028,2,3,0,4969.72,-0.00601983,1.00081
-4968.7,0.997876,0.849178,2,3,0,4968.86,-0.00505466,0.997803
-4968.7,0.731291,1.29871,1,1,0,4968.94,-0.00505466,0.997803
-4970.45,0.611608,1.14539,2,3,0,4970.63,-0.0197541,0.988454
-4968.73,0.998656,0.792515,2,3,0,4970.47,-0.00803914,0.9958
-4968.71,0.999191,1.20626,2,3,0,4968.73,-0.00404123,0.996255
-4968.71,0.547541,1.83012,1,1,0,4968.89,-0.00404123,0.996255
-4968.71,0.989244,1.1168,2,3,0,4968.75,-0.00770619,0.996619
-4968.71,0.0638245,1.65466,1,1,0,4969.38,-0.00770619,0.996619
-4969.74,0.948046,0.388074,2,7,0,4970.66,0.000758757,1.00616
-4968.75,0.996596,0.530592,2,3,0,4969.83,-0.00869958,0.99807
-4968.81,0.958878,0.79575,2,3,0,4968.99,-0.00124911,0.998578
-4970.4,0.646889,1.10407,1,3,0,4970.55,0.00461039,0.98622
-4969.02,1,0.831054,2,3,0,4970.61,-0.0116766,0.993165
-4969.55,0.906955,1.24462,4,19,0,4969.57,-0.0145603,1.0037
-4969.63,0.391504,1.55141,3,7,0,4970.26,0.00434309,1.00364
-4968.99,1,0.716147,2,3,0,4969.65,-0.00322864,1.00215
-4969.06,0.594928,1.06714,2,3,0,4970.73,0.00219183,0.994538
-4971.19,0.771813,0.732114,2,3,0,4971.88,0.0160272,1.00102
-4969.18,1,0.704892,3,11,0,4970.87,-0.0140517,0.993341
-4969.89,0.760035,1.04468,1,1,0,4970.06,-0.0210454,0.996464
-4969.89,0.604867,0.982473,2,3,0,4973.15,-0.0210454,0.996464
-4969.33,0.986763,0.691315,2,3,0,4970.2,0.00481758,0.993995
-4969.24,0.924643,0.99439,2,3,0,4969.86,-0.00337201,1.00416
-4969.5,0.90665,1.2705,1,3,0,4969.76,-0.0119693,1.00476
-4969.5,0.00352438,1.56684,1,1,0,4971.41,-0.0119693,1.00476
-4969.21,0.987077,0.365799,3,7,0,4970.54,0.000464036,1.00273
-4971.18,0.922701,0.524535,3,7,0,4971.69,-0.0242659,1.00573
-4969.76,1,0.666716,3,7,0,4971.38,0.00898048,0.996749
-4969.76,0.615115,0.973339,1,1,0,4970.97,0.00898048,0.996749
-4968.99,0.977038,0.705581,2,3,0,4970.34,-0.00264715,0.99191
-4969.07,0.989182,0.984936,2,3,0,4969.19,-0.0117589,1.00125
-4969.68,0.814898,1.40139,1,3,0,4969.74,0.00748959,0.993461
-4969.68,0.00154652,1.45564,1,1,0,4972.89,0.00748959,0.993461
-4969.75,0.941084,0.354738,3,7,0,4972.78,-0.0134645,0.988396
-4970.22,0.979531,0.463286,2,3,0,4970.49,-0.0186591,0.988878
-4973.35,0.846232,0.646231,3,7,0,4974.27,-0.000532133,1.01852
-4972.66,0.983176,0.710917,4,31,0,4974.34,-0.00923314,1.01695
-4969.59,1,0.993729,1,1,0,4971.78,-0.00869146,1.00619
-4969.49,0.713496,1.4268,3,11,0,4970,-0.0131357,1.00415
-4969.13,0.933658,1.24044,3,11,0,4969.66,0.00237627,1.00032
-4969.13,0.0573878,1.58165,1,1,0,4970.13,0.00237627,1.00032
-4969.29,0.966368,0.442645,3,7,0,4970.66,-0.0140825,0.992124
-4969.28,0.995562,0.59826,3,7,0,4969.74,0.00463741,0.999518
-4969.25,1,0.848202,2,3,0,4969.51,-0.0159217,0.995294
-4969.59,0.26409,1.2086,2,3,0,4974.42,0.00731715,0.994513
-4969.18,1,0.490369,2,3,0,4969.72,0.00422693,0.99697
-4971.78,0.689625,0.69826,2,3,0,4973.17,0.0107523,0.984036
-4971.91,0.89691,0.586713,3,7,0,4975.03,-0.0293142,0.990965
-4969.21,0.793059,0.699945,2,3,0,4974.48,-0.00124052,0.990471
-4969.08,0.953777,0.70049,3,11,0,4970.02,0.00267055,0.994945
-4968.81,0.835895,0.91734,2,3,0,4970.24,-0.00972998,0.998805
-4971.09,0.647316,0.985029,2,3,0,4972,0.00399933,0.983235
-4968.89,0.986648,0.772719,2,7,0,4971.1,-0.00123235,0.993717
-4968.79,0.865199,1.06511,2,3,0,4969.33,-0.00439929,0.999973
-4970.19,0.519378,1.19877,1,1,0,4970.21,0.00799219,1.00457
-4969.81,1,0.763193,2,3,0,4970.37,0.00161648,1.00622
-4969.12,0.601173,1.07172,2,3,0,4971.25,-0.00233869,0.990867
-4968.75,1,0.782471,2,7,0,4969.09,-0.0036551,0.998985
-4968.86,0.854836,1.09615,2,3,0,4969.22,-0.00424297,0.992904
-4968.86,0.0473938,1.21045,1,1,0,4971.94,-0.00424297,0.992904
-4969.23,0.973596,0.361643,2,7,0,4970.13,-0.00904543,0.990031
-4970.24,0.95467,0.485064,2,3,0,4970.35,-0.0178196,0.988149
-4969.08,0.998994,0.629888,2,3,0,4970.41,-0.0134519,0.994185
-4968.77,1,0.876667,2,3,0,4969.04,-0.00357359,0.999292
-4968.76,0.774479,1.21948,2,3,0,4969.19,-0.00832581,0.995027
-4969.08,0.908728,1.18202,2,3,0,4969.11,-0.0139845,0.995025
-4969.08,0.00974997,1.41809,1,1,0,4972.36,-0.0139845,0.995025
-4968.91,0.986123,0.409662,3,7,0,4969.66,-0.00209344,0.992992
-4968.94,0.997021,0.556471,1,1,0,4968.95,-0.00171121,0.99281
-4969.75,0.729604,0.76748,2,3,0,4971.43,-0.00474494,1.00725
-4968.94,0.994873,0.694583,2,3,0,4969.85,-0.00414492,1.00185
-4968.82,0.954647,0.952173,2,3,0,4969.26,-0.00965364,0.999062
-4968.79,0.665886,1.2236,2,3,0,4969.64,-0.00125388,0.996874
-4969.09,0.899058,1.0024,1,1,0,4969.1,0.00313682,0.995658
-4969.14,0.707743,1.17984,2,3,0,4970.13,-0.0144892,0.99476
-4970.6,0.692879,1.03239,2,3,0,4971.12,0.0138226,0.995863
-4971.33,0.820782,0.883593,1,1,0,4971.71,0.0172384,0.995891
-4968.94,1,0.921163,2,3,0,4971.06,-0.012624,0.996937
-4968.9,0.98604,1.26317,2,7,0,4969.04,-0.00433649,1.00144
-4968.9,0.00211321,1.69247,1,1,0,4970.83,-0.00433649,1.00144
-4968.85,0.980643,0.50633,3,7,0,4969.56,-0.00190178,0.993914
-4968.75,1,0.673481,2,3,0,4968.85,-0.00729506,0.999133
-4969.66,0.736627,0.920914,2,3,0,4970.11,-0.0148732,0.989673
-4968.69,0.988775,0.84473,1,3,0,4969.74,-0.0054749,0.996848
-4970.32,0.650216,1.13293,1,3,0,4970.38,-0.00484625,1.00977
-4969.3,0.998918,0.912695,2,3,0,4970.62,-0.015125,0.993071
-4969.36,0.530933,1.24044,2,3,0,4970.91,0.00539118,0.999409
-4969.25,0.952217,0.837113,2,3,0,4970.1,-0.00443635,1.00437
-4970.75,0.510954,1.05973,2,3,0,4971.64,-0.000860229,0.983189
-4970.04,1,0.696045,2,3,0,4971.05,-0.00951327,0.985781
-4968.89,0.932141,0.944929,1,3,0,4970.48,-0.00852783,1.00087
-4970.01,0.606944,1.15859,1,1,0,4970.07,-0.0192825,1.00318
-4969.67,0.938127,0.879193,2,3,0,4971.16,0.000654257,1.00585
-4968.73,0.877977,1.08648,2,3,0,4970.33,-0.00693339,0.995138
-4968.73,0.146288,1.22803,1,1,0,4970.48,-0.00693339,0.995138
-4970.63,0.9427,0.476535,3,7,0,4970.68,0.00237417,0.984397
-4968.79,1,0.59274,2,7,0,4970.46,-0.00712497,0.993935
-4970.04,0.748816,0.800332,2,3,0,4970.53,-0.0219477,0.997804
-4969.86,0.994318,0.749799,2,3,0,4970.83,0.00745822,0.99143
-4969.21,0.715088,1.00188,2,3,0,4971.83,-0.000734904,1.00328
-4970.08,0.836347,0.893833,2,3,0,4970.32,-0.0204889,0.991842
-4969.71,1,0.949822,2,3,0,4970.06,0.00631072,1.00248
-4969.52,0.859572,1.27582,2,3,0,4970.26,-0.0160966,0.991759
-4970.41,0.608182,1.39976,1,1,0,4970.82,-0.00163123,0.984286
-4970.02,1,1.07241,1,1,0,4970.7,-0.00502522,0.985559
-4968.9,1,1.43673,1,1,0,4969.42,-0.0120374,0.99729
-4968.9,0.00134077,1.92194,1,1,0,4969.82,-0.0120374,0.99729
-4968.92,0.997331,0.624349,1,1,0,4968.94,-0.0123478,0.996918
-4970.39,0.724263,0.832554,2,3,0,4971.08,-0.0107917,0.984573
-4970.61,0.905436,0.754574,2,3,0,4972.29,0.00937957,0.988226
-4968.75,0.973671,0.882599,1,3,0,4970.74,-0.00883227,0.996037
-4968.75,0.492686,1.13508,1,3,0,4970.48,-0.00883227,0.996037
-4969.54,0.920777,0.744099,2,3,0,4969.56,0.00574735,0.992493
-4969.67,0.808833,0.888133,2,3,0,4971.55,-0.00251169,0.987401
-4972.85,0.693173,0.906332,2,3,0,4973.34,-0.0249775,1.01233
-4971.79,1,0.78761,2,3,0,4973.44,-0.0126698,1.01401
-4969.61,1,1.04754,2,3,0,4971.61,-0.00497077,0.987426
-4969.61,0.00385338,1.39134,1,1,0,4974.24,-0.00497077,0.987426
-4970.19,0.961198,0.467496,3,7,0,4971.07,-0.0225718,0.999301
-4968.89,0.971688,0.588974,2,3,0,4970.85,-0.00630226,1.00135
-4969.93,0.866763,0.751941,2,3,0,4970.21,0.00332468,1.00618
-4969.9,0.996903,0.830609,2,3,0,4970.4,0.00841901,1.00172
-4969.9,0.248133,1.09542,1,1,0,4972.21,0.00841901,1.00172
-4969.22,0.999966,0.520204,3,7,0,4970.14,-0.0157588,0.997855
-4969.21,0.984873,0.688751,2,3,0,4969.59,0.00170572,0.992001
-4969.16,0.961395,0.892263,2,3,0,4969.78,-0.0126306,1.00159
-4969.16,0.385932,1.11842,1,3,0,4971.66,-0.0126306,1.00159
-4969.22,0.998856,0.644009,3,7,0,4969.37,0.00127782,0.99163
-4969.14,0.978878,0.848748,2,3,0,4969.65,-0.0124428,1.00162
-4968.7,0.792242,1.08757,2,3,0,4969.9,-0.0043459,0.997483
-4968.7,0.634707,1.08384,1,3,0,4969.75,-0.0043459,0.997483
-4968.71,0.999137,0.874874,2,3,0,4968.72,-0.00678073,0.997825
-4968.71,0.7452,1.14973,1,3,0,4969.4,-0.00678073,0.997825
-4969.21,0.873029,1.07605,1,3,0,4969.21,-0.0128927,1.00192
-4970.99,0.673309,1.19389,2,3,0,4971.18,-0.0055576,1.01224
-4970.3,1,1.01596,2,3,0,4971.73,0.003949,0.986381
-4970.79,0.314951,1.33295,2,7,0,4972.95,-9.31018e-05,1.01099
-4970.2,1,0.707029,2,3,0,4971.52,0.00810427,1.00455
-4969.77,0.96881,0.92724,2,3,0,4971.06,-0.0149211,0.988994
-4971.94,0.568302,1.1658,2,3,0,4972.5,-0.0273749,1.0065
-4970.47,0.795457,0.865892,2,3,0,4974.92,0.0097511,1.00476
-4969.38,1,0.866917,2,3,0,4970.39,-0.00169364,1.00476
-4969.95,0.890743,1.13373,2,3,0,4970.24,0.00816376,1.00254
-4969.01,1,1.28438,1,1,0,4969.6,-0.0039378,1.00249
-4969.01,0.0658501,1.67633,1,1,0,4969.92,-0.0039378,1.00249
-4969.84,0.931824,0.650114,2,3,0,4970.02,-0.00667932,1.00767
-4968.96,0.934104,0.777016,2,3,0,4970.81,-0.00187811,0.992438
-4969.26,0.874786,0.930724,2,3,0,4970.01,-0.0105858,0.990306
-4970.07,0.763845,1.03194,2,3,0,4970.71,0.010108,1.00071
-4970.07,0.331994,0.99147,1,1,0,4972.76,0.010108,1.00071
-4969.61,0.986437,0.547106,2,3,0,4970.44,0.0077745,0.998202
-4969.22,0.988137,0.700225,2,7,0,4969.87,-0.0143224,1.00076
-4969.79,0.866033,0.897228,1,1,0,4969.86,-0.0162544,1.00428
-4969.83,0.985435,0.982714,1,1,0,4970.17,-0.0171842,1.00382
-4969.31,1,1.25271,2,3,0,4969.77,-0.0164162,0.998799
-4969.31,4.85954e-07,1.62511,1,1,0,4973.39,-0.0164162,0.998799
-4974.89,0.636457,0.592093,2,3,0,4975.03,-0.0405776,0.999637
-4971.45,1,0.484927,3,7,0,4974.77,0.0168955,0.992548
-4971.31,0.900745,0.629273,2,7,0,4974.06,-0.01987,1.00975
-4969.08,1,0.71974,2,3,0,4971.14,0.00317414,0.997425
-4970.02,0.553857,0.932261,2,3,0,4972.65,0.0103078,0.994613
-4969.95,1,0.688697,3,11,0,4970.62,-0.0211115,0.999276
-4969.56,1,0.891198,2,3,0,4970.3,-0.0168836,0.992196
-4969.56,0.63391,1.15206,1,1,0,4970.52,-0.0168836,0.992196
-4970.2,0.949451,0.941811,2,3,0,4970.48,-0.0135092,0.986153
-4969.76,1,1.14185,2,3,0,4970.26,0.00327748,1.00519
-4969.77,0.636521,1.47313,2,5,0,4970.51,0.00842336,1.00006
-4969.82,0.579891,1.20899,2,3,0,4971.59,-0.0182488,0.991352
-4968.95,0.947982,0.925653,2,3,0,4970.33,-0.00182514,0.992665
-4968.92,1,1.11856,1,1,0,4969.03,-0.000841763,0.993569
-4971.62,0.159516,1.44026,1,1,0,4971.92,0.0147514,1.00634
-4968.79,1,0.657649,2,3,0,4971.27,-0.00223386,0.998857
-4969.13,0.8875,0.846814,2,3,0,4969.48,-0.00258012,0.990714
-4969.61,0.875404,0.948817,1,1,0,4969.69,-0.00590221,0.987427
-4969.05,0.913594,1.04701,2,3,0,4970.05,-0.00406025,1.00285
-4968.85,0.983792,1.21014,2,3,0,4969.14,-0.00955916,0.999801
-4968.85,0.347767,1.52301,1,1,0,4969.4,-0.00955916,0.999801
-4968.85,0.687385,0.882295,1,3,0,4970.49,-0.00955916,0.999801
-4969.53,0.77618,0.774084,1,3,0,4970.65,0.00536483,0.992149
-4970.08,0.94409,0.756804,2,3,0,4970.78,-0.0135047,0.986684
-4968.82,0.969802,0.906935,2,3,0,4970.21,-0.000772654,0.995811
-4969.11,0.880983,1.12043,1,1,0,4969.16,0.00347049,0.997861
-4969.09,1,1.24245,2,3,0,4969.3,-0.0144952,0.996723
-4968.77,1,1.58966,1,1,0,4968.97,-0.0093799,0.998016
-4968.77,5.92332e-06,2.03205,1,1,0,4969.99,-0.0093799,0.998016
-4969.2,0.84698,0.781021,2,3,0,4970.18,-0.000644971,0.990733
-4969.3,0.935048,0.831377,2,3,0,4970.05,-0.00919718,0.98959
-4968.98,1,0.983097,1,1,0,4969.25,-0.0087686,0.992091
-4968.98,0.736989,1.25552,1,1,0,4969.37,-0.0087686,0.992091
-4968.98,0.936394,1.17079,1,3,0,4969.19,-0.0087686,0.992091
-4969.17,0.894943,1.38455,2,7,0,4969.27,-0.0131314,0.992571
-4969.17,0.354877,1.55772,1,1,0,4969.5,-0.0131314,0.992571
-4969.89,0.823403,0.923242,1,1,0,4969.96,-0.014242,0.987994
-4969.25,1,0.954628,2,3,0,4969.95,-0.00217493,0.989943
-4969.16,0.537642,1.21602,2,3,0,4970.54,-0.00753706,1.00363
-4969.24,0.897165,0.896962,2,3,0,4970.16,-0.00131423,0.990228
-4969.48,0.752569,1.01147,2,3,0,4970.72,0.00383541,1.00285
-4968.77,1,0.961876,1,3,0,4969.43,-0.00230776,0.995251
-4968.77,0.287838,1.22314,1,1,0,4969.97,-0.00230776,0.995251
-4969,0.919057,0.674663,3,7,0,4969.65,0.000461767,1.00049
-4969.31,0.805686,0.780234,2,3,0,4970.85,-0.0166602,0.997731
-4968.74,0.988347,0.790044,2,3,0,4969.41,-0.00871486,0.996809
-4970.2,0.673373,0.989755,1,3,0,4970.47,0.0105989,0.992684
-4969.89,0.992534,0.858778,2,3,0,4970.53,-0.0156242,1.00535
-4970.93,0.3318,1.08012,2,3,0,4973.81,0.0154684,0.997653
-4970.71,0.992992,0.630825,3,7,0,4972.69,-1.52735e-05,0.983492
-4970.1,0.956908,0.793617,2,3,0,4971.76,-0.00759443,1.00878
-4969.01,0.88865,0.956888,1,3,0,4970.85,-0.00344577,0.991499
-4968.79,0.931906,1.06568,2,3,0,4969.34,-0.00990332,0.997536
-4968.7,1,1.24703,1,1,0,4968.75,-0.00554116,0.997955
-4968.7,0.700905,1.57729,1,1,0,4968.83,-0.00554116,0.997955
-4968.7,0.875291,1.414,1,1,0,4968.8,-0.00554116,0.997955
-4968.7,0.00577003,1.54868,1,1,0,4970.72,-0.00554116,0.997955
-4970.16,0.882753,0.626805,2,5,0,4970.17,-0.00333176,1.00902
-4970.15,1,0.693089,2,3,0,4970.37,-0.00287128,1.00891
-4969.58,0.973132,0.875769,2,3,0,4970.83,-0.0171036,1.00168
-4969.72,0.988241,1.07242,2,3,0,4970.05,-0.0142429,1.00508
-4969.55,0.83287,1.33511,3,9,0,4970.22,-0.0172889,1.00113
-4969.27,0.911168,1.39236,3,9,0,4969.67,-0.0161883,0.995924
-4969.27,0.000267551,1.5866,1,1,0,4971.43,-0.0161883,0.995924
-4969.15,0.99243,0.644639,3,7,0,4969.65,-0.00982431,1.00299
-4969.34,0.973025,0.805847,2,3,0,4969.52,0.00236675,0.991277
-4970.82,0.527601,0.984849,2,3,0,4972.04,0.00119143,1.01084
-4969.47,0.993294,0.728343,2,3,0,4971.13,-0.00401362,0.988229
-4969.98,0.910719,0.910204,2,3,0,4970.22,-0.000640209,1.00781
-4971.7,0.838439,1.03602,2,3,0,4972.02,0.0120702,1.00916
-4968.8,0.938704,1.08701,1,3,0,4970.92,-0.00428723,0.993765
-4968.81,0.97488,1.27574,2,3,0,4968.89,-0.00746187,1.00007
-4968.81,0.00572354,1.55822,1,1,0,4970.85,-0.00746187,1.00007
-4968.81,0.995021,0.645086,2,7,0,4968.94,-0.00754466,0.993709
-4971.29,0.735222,0.80614,2,3,0,4971.55,0.0165698,1.00071
-4969.11,1,0.754058,2,7,0,4971.17,-0.00868998,0.990844
-4969.14,0.993957,0.946649,2,3,0,4969.37,-0.000154156,1.00245
-4970.53,0.517455,1.17966,1,1,0,4970.71,0.012171,1.00212
-4970.47,1,0.866786,2,3,0,4970.62,-0.0232254,0.992407
-4971.99,0.532906,1.08678,1,1,0,4972.62,-0.0294223,0.990572
-4969.97,1,0.813128,1,1,0,4971.61,-0.0212831,0.99509
-4968.72,0.834021,1.01888,2,3,0,4970.98,-0.00371696,0.998141
-4968.86,0.908192,1.06284,2,3,0,4969.08,-0.0114678,0.996667
-4969.92,0.741443,1.20266,2,3,0,4970.07,-0.011269,1.00734
-4969.91,0.991959,1.13294,2,3,0,4970.46,-0.0180911,1.0036
-4969.91,0.0138725,1.40452,1,1,0,4972.31,-0.0180911,1.0036
-4969.03,0.990498,0.59694,2,3,0,4970.15,-0.00924064,1.00215
-4968.78,0.952469,0.739076,1,3,0,4969.54,-0.00166194,0.995959
-4968.84,0.99471,0.877318,2,3,0,4968.85,-0.000314276,0.99614
-4969.01,0.856333,1.08988,2,3,0,4969.48,0.000383403,0.993284
-4969.01,0.0781774,1.16405,1,1,0,4972.52,0.000383403,0.993284
-4969.6,0.937834,0.534009,3,7,0,4970.74,-0.0182365,0.993741
-4968.84,0.943817,0.623564,2,3,0,4970.46,-0.00902679,0.99984
-4969.12,0.879424,0.73253,1,3,0,4970.04,-0.00436762,0.990489
-4968.71,1,0.802291,2,3,0,4969.08,-0.00731405,0.996747
-4968.71,0.572481,1.00056,1,3,0,4970.34,-0.00731405,0.996747
-4968.71,0.998436,0.786597,2,3,0,4968.73,-0.00366684,0.997628
-4969.57,0.52997,0.978728,2,3,0,4971.8,0.00763656,0.996896
-4969.58,0.991933,0.735594,2,7,0,4970.3,-0.00778626,0.9877
-4968.85,0.973141,0.908403,2,3,0,4969.86,-0.000146667,0.995913
-4968.8,0.97835,1.09877,2,3,0,4968.98,-0.0088471,0.999323
-4968.8,0.576047,1.33573,1,1,0,4969.3,-0.0088471,0.999323
-4968.8,0.98987,1.0558,2,3,0,4968.9,-0.000908845,0.996616
-4968.8,0.422188,1.2987,1,3,0,4970.71,-0.000908845,0.996616
-4969.96,0.780441,0.871917,1,3,0,4970.05,0.00952673,1.00051
-4970.9,0.93075,0.857986,2,3,0,4971.05,0.0144957,1.00136
-4972.08,0.819561,0.99052,2,3,0,4973.11,-0.0297901,1.00394
-4972.06,0.998585,1.01585,2,3,0,4973.68,0.0194271,1.00187
-4973.83,0.454109,1.25935,1,1,0,4975.56,0.0197981,1.01113
-4970.47,0.710824,0.877003,1,3,0,4978.85,-0.0218493,0.990369
-4974.14,0.72273,0.801849,2,3,0,4974.95,0.00228498,1.01997
-4975.21,0.954623,0.742582,2,7,0,4975.5,-0.0163503,0.973172
-4969.66,0.865437,0.878215,2,3,0,4976.35,0.00752157,0.993767
-4969.23,1,0.945144,2,3,0,4969.62,-0.0136296,1.0016
-4970.95,0.457688,1.17141,1,1,0,4971.14,-0.0242965,1.00422
-4969.03,0.973742,0.821347,2,3,0,4971.38,-0.00316739,1.0025
-4970.34,0.829516,0.989946,2,3,0,4970.42,-0.0117355,1.00912
-4969.26,1,1.02548,2,3,0,4970.36,-0.00611679,0.989447
-4969.26,0.0913767,1.26932,1,1,0,4971.45,-0.00611679,0.989447
-4971.43,0.820991,0.608345,2,3,0,4972.44,0.0072268,1.01093
-4969.18,1,0.624919,2,3,0,4971.41,-0.00973289,1.00327
-4972.6,0.692542,0.773345,2,7,0,4972.97,-0.0179588,0.979578
-4969.5,1,0.694846,2,3,0,4972.86,-0.00341002,0.988142
-4969.04,1,0.859254,2,3,0,4969.65,-0.0133278,0.999134
-4969.19,0.898175,1.06195,2,3,0,4969.62,0.00324215,1.00024
-4969.31,0.950842,1.18048,1,3,0,4969.56,0.00548249,0.996724
-4969.3,0.705572,1.38528,2,5,0,4969.71,0.00533522,0.998049
-4971.52,0.566877,1.2614,2,3,0,4971.63,0.00967866,1.01001
-4970.67,1,0.995804,1,1,0,4971.83,0.0111052,1.00469
-4970.94,0.965094,1.2287,2,3,0,4971.73,-0.0218959,0.987617
-4970.94,0.484753,1.4618,1,3,0,4971.69,-0.0218959,0.987617
-4969.18,0.931902,1.06144,2,3,0,4970.94,0.00372722,0.999149
-4969.32,0.852244,1.22021,2,3,0,4969.77,-0.0154373,0.993276
-4970.43,0.523139,1.29234,1,1,0,4970.85,-0.0241555,0.998047
-4969.21,0.973561,0.977341,2,3,0,4970.57,-0.00511338,1.00413
-4970.22,0.711812,1.17184,2,3,0,4970.57,0.0110502,0.993374
-4969.05,1,1.07524,1,1,0,4969.85,0.000123836,0.992553
-4969.67,0.831548,1.32363,3,15,0,4969.78,-0.0193841,0.995455
-4968.92,1,1.37196,1,1,0,4969.41,-0.0123269,0.996705
-4970.2,0.318919,1.68744,1,1,0,4970.34,0.00521507,1.00661
-4969.18,1,1.03909,2,3,0,4970.13,0.00423654,0.996682
-4969.18,0.607401,1.27779,1,3,0,4970.29,0.00423654,0.996682
-4972.26,0.454771,1.0554,2,3,0,4972.79,5.31424e-05,1.01562
-4969.6,0.756063,0.747415,2,3,0,4976.35,-0.018293,0.993811
-4968.81,0.955543,0.718156,2,3,0,4970.21,-0.00353246,0.993793
-4969.1,0.907683,0.843897,2,3,0,4969.4,0.00340984,0.996921
-4968.98,1,0.94459,2,3,0,4969.19,-0.0131006,0.997582
-4969.81,0.290938,1.15986,2,3,0,4973.68,-6.3034e-05,1.0068
-4971.78,0.824779,0.698148,4,15,0,4972.79,0.0104362,1.01055
-4968.86,1,0.718928,2,3,0,4971.52,-0.00163337,0.993998
-4969.12,0.963765,0.882371,2,3,0,4969.25,-0.0147585,0.995852
-4969.74,0.903237,1.04386,2,3,0,4969.98,0.00881955,0.996265
-4969.28,1,1.1619,2,3,0,4969.79,0.00514025,0.99595
-4969.28,0.0595163,1.42408,1,1,0,4971.57,0.00514025,0.99595
-4969.24,0.980309,0.682939,2,3,0,4969.68,-0.0130889,1.00209
-4968.99,0.900223,0.820908,1,3,0,4970.19,0.00127041,0.994425
-4969.1,0.992221,0.910772,2,3,0,4969.16,-0.0114342,1.00177
-4969.79,0.870311,1.10689,2,3,0,4970.14,0.000596286,0.987511
-4969.41,1,1.19139,2,3,0,4969.92,-0.00169892,0.988974
-4969.41,0.236,1.45795,1,1,0,4970.29,-0.00169892,0.988974
-4969.91,0.891954,0.837116,1,1,0,4969.98,0.00132814,0.987165
-4971.39,0.886951,0.920561,2,3,0,4971.54,-0.0205805,1.00966
-4970.3,1,1.0071,1,1,0,4971.48,-0.0205832,1.00394
-4969.05,1,1.23144,1,1,0,4969.83,-0.00844915,1.00255
-4969.05,0.180974,1.50502,1,1,0,4969.7,-0.00844915,1.00255
-4970.12,0.668241,0.821312,1,3,0,4971.91,-0.0111026,0.985786
-4970.91,0.850673,0.724526,3,11,0,4972.56,-0.0257332,1.00136
-4968.94,0.680259,0.764696,2,3,0,4975.26,0.00136812,0.996929
-4969.35,0.968246,0.682833,3,11,0,4969.53,-0.0148131,0.992164
-4968.95,0.882765,0.808564,1,3,0,4970.37,-0.000192208,1.00034
-4968.96,0.998375,0.880302,2,3,0,4969.04,-0.0124764,0.995243
-4969.19,0.911019,1.07276,1,1,0,4969.29,-0.0155454,0.997458
-4970.57,0.685064,1.19992,2,3,0,4970.93,-0.00130889,0.983757
-4969.79,1,1.07661,2,3,0,4970.4,-0.0112608,1.00669
-4969.79,0.299644,1.31281,2,7,0,4972.15,-0.0112608,1.00669
-4968.71,0.941829,0.809931,1,3,0,4970.27,-0.00391699,0.996037
-4968.71,0.654161,0.933249,1,3,0,4970.26,-0.00391699,0.996037
-4968.94,0.946213,0.813267,2,3,0,4969.06,-0.000883913,1.00064
-4970.97,0.465253,0.940754,2,3,0,4972.32,0.00523117,0.98416
-4969.72,0.986339,0.683063,4,31,0,4971.36,-0.0160686,1.00388
-4969.75,0.996041,0.821264,2,3,0,4970.08,0.00585556,0.990744
-4968.76,0.964237,0.996285,1,3,0,4969.69,-0.00888817,0.99803
-4968.88,0.648524,1.17157,2,3,0,4969.82,-0.000870143,0.999653
-4968.88,0.44758,1.0161,1,3,0,4971.4,-0.000870143,0.999653
-4969.16,0.964034,0.726602,2,3,0,4969.29,-0.0138201,0.993323
-4968.85,1,0.854095,2,3,0,4969.28,-0.002065,0.993839
-4968.85,0.422224,1.03883,1,3,0,4971.23,-0.002065,0.993839
-4969.33,0.951753,0.725824,3,15,0,4969.46,0.000891476,1.00346
-4969.13,0.91171,0.842727,2,3,0,4970.38,-0.00189783,0.990908
-4969.79,0.721588,0.941366,2,3,0,4970.62,0.00511262,1.00423
-4969.75,1,0.876666,2,3,0,4970.12,-0.0119354,0.987748
-4969.75,0.0846247,1.06504,1,1,0,4973.66,-0.0119354,0.987748
-4968.98,1,0.540456,2,3,0,4969.72,-0.00797103,0.991829
-4968.93,0.994246,0.656649,3,7,0,4969.13,-0.00306591,1.00145
-4970.63,0.740782,0.793114,2,3,0,4970.89,-0.02519,0.997838
-4969.2,1,0.752627,2,3,0,4970.98,-0.00833431,1.00382
-4968.77,0.985778,0.913478,2,3,0,4969.3,-0.00911067,0.995624
-4968.73,1,1.09338,2,3,0,4968.77,-0.00690307,0.995084
-4968.73,0.097896,1.32591,1,1,0,4970.48,-0.00690307,0.995084
-4968.77,0.993204,0.684791,4,23,0,4968.84,-0.00912443,0.998181
-4968.73,1,0.825184,1,1,0,4968.77,-0.00834205,0.997446
-4970.26,0.670847,1.00034,1,3,0,4970.29,-0.0231997,0.998117
-4970.1,0.757067,0.888822,2,3,0,4973.26,-0.0156507,1.00651
-4968.97,0.995679,0.856744,2,3,0,4970.17,-0.00850282,0.99206
-4969.49,0.754699,1.03367,2,3,0,4970.29,0.00693055,0.997736
-4971.33,0.787137,0.994054,2,3,0,4971.75,-0.0260443,0.989857
-4970.64,1,0.985587,2,3,0,4971.24,0.0102108,1.00538
-4969.11,0.933615,1.19301,2,3,0,4970.51,-0.00542094,1.00341
-4968.73,0.997107,1.35647,1,3,0,4968.91,-0.00756626,0.995372
-4968.73,0.42606,1.63624,1,1,0,4969.08,-0.00756626,0.995372
-4968.73,0.612143,1.15716,1,3,0,4969.81,-0.00756626,0.995372
-4968.73,0.687041,0.974292,1,3,0,4969.93,-0.00756626,0.995372
-4968.72,0.974425,0.879976,2,3,0,4968.9,-0.00450958,0.998389
-4968.81,0.933362,1.03891,2,3,0,4968.98,-0.002978,0.993945
-4968.97,0.7888,1.18015,2,3,0,4969.4,-0.009243,1.00149
-4968.97,0.453471,1.17175,1,1,0,4970.11,-0.009243,1.00149
-4969.02,0.916386,0.852223,1,3,0,4969.71,0.00121174,0.993868
-4969.34,0.918485,0.952763,2,3,0,4969.58,-0.0166001,0.994858
-4969,1,1.06698,2,3,0,4969.33,0.0018093,0.998847
-4969.9,0.370871,1.28818,4,17,0,4973.08,-0.0209524,0.998677
-4972.31,0.753449,0.86912,2,3,0,4973.14,-0.0207283,1.01291
-4972.13,0.949784,0.835515,2,3,0,4973.61,0.0166177,0.987496
-4969.58,1,0.962734,2,3,0,4971.61,0.00769132,0.997348
-4968.72,0.992828,1.1615,2,3,0,4969.22,-0.00497534,0.995275
-4968.72,0.244408,1.39153,1,1,0,4969.66,-0.00497534,0.995275
-4968.7,0.760952,0.83746,2,3,0,4970.68,-0.00643334,0.995938
-4968.7,1,0.810832,1,1,0,4968.7,-0.00593331,0.996023
-4968.7,0.342701,0.977625,1,3,0,4971.78,-0.00593331,0.996023
-4968.87,0.929556,0.64509,3,7,0,4969.69,-0.00555179,0.992758
-4969.76,0.895241,0.729093,2,3,0,4969.95,-0.0123345,0.987843
-4969.07,0.992329,0.798368,2,3,0,4970.08,0.000705426,0.992713
-4969.24,0.800078,0.955129,2,3,0,4970.62,-0.00844846,1.00409
-4969.01,0.949218,0.95842,2,3,0,4969.64,-0.00662235,0.991339
-4971.28,0.402658,1.10179,1,1,0,4971.35,0.00821285,0.984427
-4969.19,1,0.769704,2,3,0,4971.25,0.00347603,0.994107
-4970.16,0.750295,0.926619,1,1,0,4970.2,0.00967947,0.991669
-4969.29,1,0.888681,2,3,0,4970.39,0.00391302,1.00077
-4969.65,0.868307,1.06927,2,3,0,4970.03,-0.0194257,0.996471
-4969.29,0.919361,1.14128,2,3,0,4970.2,-0.0160456,0.994663
-4969.29,0.453039,1.27562,1,1,0,4970.3,-0.0160456,0.994663
-4969.76,0.758897,0.934631,2,3,0,4971.16,-0.00401349,0.986736
-4970.37,0.611185,0.903533,2,3,0,4972.78,0.0125106,0.995434
-4970.15,0.863139,0.764415,2,3,0,4972.48,0.0087037,0.990516
-4968.75,0.933174,0.812086,1,3,0,4970.66,-0.00566147,0.9994
-4970.35,0.799554,0.918838,2,3,0,4970.6,-0.00955545,0.98452
-4973.94,0.361185,0.921522,1,1,0,4974.07,-0.0218753,0.977646
-4973.67,0.837033,0.623006,3,7,0,4979.27,0.00600503,1.01803
-4971.84,1,0.646477,1,1,0,4973.47,0.00392791,1.01354
-4969.07,0.994069,0.776469,2,3,0,4972.01,-0.00753227,1.00289
-4970.37,0.623105,0.927307,2,3,0,4971.24,-0.0195517,0.988751
-4969.97,1,0.793979,1,1,0,4970.47,-0.0184546,0.990344
-4969.67,1,0.952899,2,3,0,4970.38,-0.0194193,0.998242
-4969.74,0.989994,1.14321,2,3,0,4970.02,0.00764252,0.993005
-4968.9,1,1.35882,1,1,0,4969.41,-0.000110121,0.994599
-4968.9,0.0102867,1.62902,1,1,0,4970.09,-0.000110121,0.994599
-4969.41,0.886348,0.807812,2,3,0,4969.97,0.00516848,0.993353
-4974.45,0.355315,0.87534,1,3,0,4974.81,0.0282027,0.998557
-4969.04,1,0.591237,2,3,0,4973.93,0.0016708,0.994155
-4969.72,0.888893,0.70887,2,3,0,4970.38,-0.00541327,0.986864
-4972.64,0.676564,0.769773,2,3,0,4974.17,-0.0316358,0.989947
-4969.38,1,0.692273,2,3,0,4972.75,-0.0136925,0.990988
-4969.18,0.996424,0.829427,2,7,0,4969.71,0.0031364,0.993738
-4971.24,0.725854,0.990256,2,3,0,4971.82,-0.0145263,1.01175
-4969.44,0.886461,0.930298,2,3,0,4972.08,-0.0141543,0.990832
-4969.26,1,1.00737,2,3,0,4969.43,0.00253297,1.00177
-4970.66,0.61831,1.20564,2,3,0,4971.04,0.00700481,0.986306
-4968.82,0.657584,1.03012,2,3,0,4972.72,-0.00411117,1.0004
-4969.69,0.77365,0.911428,1,3,0,4970.13,-0.0191656,0.994364
-4971.3,0.798307,0.893366,2,3,0,4972.27,-0.00256874,1.0131
-4969.62,1,0.894889,1,1,0,4970.91,-0.00350492,1.00648
-4970.38,0.516738,1.0702,2,3,0,4972,0.00184762,0.985219
-4969.45,1,0.837128,1,1,0,4970.21,-0.00246685,0.98859
-4970.47,0.682041,1.00084,1,3,0,4972.37,-0.00493883,1.01034
-4970.47,0,8.07643,0,1,1,4970.96,-0.00493883,1.01034
-4972.19,0.541457,1.15001,1,1,0,4972.76,-0.0178955,1.01374
-4972.72,0.97416,0.435354,1,1,0,4972.76,-0.0197268,1.0146
-4970.78,0.992521,0.570974,2,3,0,4973.19,-0.0098243,1.01118
-4969.61,1,0.89494,2,3,0,4971.21,0.00318577,1.00424
-4970.62,0.736537,1.54687,2,5,0,4970.74,-0.0126963,0.984184
-4972.39,0.457118,1.23087,1,1,0,4973.14,-0.0176832,0.980055
-4972.79,0.981043,0.410622,1,1,0,4972.85,-0.0176277,0.97897
-4971.66,1,0.716188,2,3,0,4972.77,-0.0162811,0.981749
-4971.56,1,1.3431,2,3,0,4971.81,0.00459931,1.01243
-4971.56,1.28799e-59,2.53197,1,1,0,4973.65,0.00459931,1.01243
-4968.81,0.999828,0.2047,4,15,0,4971.77,-0.00351279,0.99385
-4969.21,0.990993,0.389652,3,7,0,4969.31,-0.0156816,0.996302
-4969.1,1,0.719532,3,7,0,4969.51,0.000276401,1.00175
-4969.67,0.811548,1.35951,2,3,0,4969.88,0.00823967,0.998135
-4970.29,0.851869,1.4283,5,31,0,4970.7,-0.00814101,1.00953
-4969,1,1.69775,1,1,0,4969.75,-0.00216319,1.00192
-4969,3.72022e-28,3.15555,1,1,0,4969.48,-0.00216319,1.00192
-4969.86,0.98568,0.287514,3,7,0,4970.23,0.00938606,0.994967
-4969.33,0.995756,0.514937,3,7,0,4970.5,-0.00373904,0.989077
-4968.85,1,0.94162,2,3,0,4969.33,-0.00920355,0.993881
-4971.12,0.152338,1.72655,1,1,0,4971.24,0.0126128,1.00585
-4971.17,0.999038,0.266764,1,1,0,4971.2,0.0128662,1.00587
-4968.78,0.988059,0.488279,2,3,0,4971.6,-0.00570871,0.999831
-4969.01,0.915518,0.857474,2,3,0,4969.51,-0.00471788,0.991366
-4969.5,0.801778,1.2146,2,3,0,4969.94,0.00708465,0.997463
-4969.24,0.910061,1.24274,2,3,0,4969.89,-0.0156109,0.99487
-4969.24,0.000161714,1.71853,1,1,0,4971.87,-0.0156109,0.99487
-4969.1,0.998508,0.191552,4,15,0,4969.88,-0.014633,0.996427
-4970.6,0.964805,0.340958,3,7,0,4971.27,-0.0147091,1.00925
-4970.14,0.993847,0.548557,3,7,0,4972.04,-0.0212258,0.992404
-4969.05,0.862935,0.946952,2,3,0,4971.45,-0.0131666,0.994299
-4969.76,0.700505,1.14199,2,3,0,4970.76,0.008187,0.993751
-4969.76,0.756222,0.892705,1,1,0,4970.74,0.008187,0.993751
-4969.25,0.967993,0.811071,2,3,0,4970.48,-0.0125338,1.0026
-4968.96,0.991101,1.28223,2,3,0,4969.3,-0.0120541,0.994486
-4968.96,5.56636e-09,2.13663,1,1,0,4973,-0.0120541,0.994486
-4969.3,0.983112,0.27701,4,15,0,4971.11,0.00189572,1.00262
-4968.77,0.995455,0.453988,2,7,0,4969.65,-0.00277774,0.994991
-4968.92,0.959525,0.761875,4,19,0,4969.24,-0.00213526,0.992852
-4970.26,0.659627,1.1592,2,3,0,4970.52,0.00839615,1.00471
-4970.94,0.958686,0.829996,2,3,0,4971.29,-0.0195096,0.985845
-4970.74,1,1.25157,2,3,0,4970.84,0.00775601,1.00782
-4970.74,0.264039,2.07646,1,3,0,4971.05,0.00775601,1.00782
-4973.81,0.931062,0.568028,3,7,0,4974.29,0.00795013,1.01778
-4976.14,0.679363,0.796107,1,1,0,4976.45,0.0103772,1.02232
-4977.18,0.968068,0.606113,2,7,0,4978.56,0.0204827,1.02014
-4970.52,0.975279,0.923131,2,7,0,4975.62,-0.0161607,0.985858
-4968.85,1,1.42198,1,1,0,4969.72,-0.0090668,0.99372
# Adaptation terminated
# Step size = 0.899032
# Diagonal elements of inverse mass matrix:
# 0.000112396, 5.5484e-05
-4969.47,0.904621,0.899032,2,3,0,4969.79,-0.0165451,1.00124
-4969.65,0.923284,0.899032,2,3,0,4970.59,0.00755008,0.994028
-4970.35,0.856532,0.899032,2,3,0,4971.41,-0.000649708,1.0094
-4970.68,0.927285,0.899032,2,3,0,4972.19,0.0118563,0.990409
-4969.72,1,0.899032,1,1,0,4970.55,0.00554654,0.990668
-4969.49,1,0.899032,2,3,0,4969.93,-0.0121627,1.00461
-4969.27,0.839087,0.899032,2,3,0,4971.23,-0.0024205,0.989691
-4970.47,0.760867,0.899032,1,1,0,4970.48,-0.00167122,0.984066
-4970.29,1,0.899032,2,3,0,4970.79,-0.0106009,1.00914
-4970.91,0.63566,0.899032,2,3,0,4973.63,-0.0249718,0.991395
-4969.96,1,0.899032,1,1,0,4970.88,-0.0181039,0.990126
-4969.27,1,0.899032,1,1,0,4969.83,-0.0132587,0.991629
-4969.09,1,0.899032,2,3,0,4969.43,-0.0145047,0.996503
-4969.15,0.982082,0.899032,2,3,0,4969.48,0.00363049,0.998626
-4969.15,0.999376,0.899032,3,15,0,4969.45,-0.0151077,0.996396
-4969.11,0.912963,0.899032,2,7,0,4969.91,-0.00347282,1.00319
-4971.09,0.736216,0.899032,2,3,0,4971.18,-0.000350045,0.982141
-4970.85,1,0.899032,2,3,0,4971.45,-0.0094932,1.01149
-4971.38,0.751491,0.899032,2,3,0,4975.17,0.0175017,0.99691
-4970.33,1,0.899032,2,3,0,4971.88,-0.019092,0.988604
-4970.32,1,0.899032,2,3,0,4971.38,0.00943424,1.00404
-4970.56,0.961917,0.899032,2,3,0,4971.19,-0.014859,0.985121
-4969.76,0.995054,0.899032,2,3,0,4970.91,-0.00945896,1.00697
-4971.46,0.868343,0.899032,2,3,0,4972.02,0.0154504,0.98986
-4970.21,1,0.899032,2,7,0,4971.99,-0.0214261,0.991953
-4969.74,0.943113,0.899032,2,3,0,4971.39,-0.000668975,0.987431
-4969.24,1,0.899032,2,3,0,4969.71,-0.00551103,0.98959
-4969.38,0.91043,0.899032,2,7,0,4970.15,0.00605663,0.996329
-4969.32,0.927837,0.899032,2,7,0,4970.25,-0.00600667,0.989094
-4968.95,1,0.899032,2,3,0,4969.5,-0.0125276,0.998301
-4968.91,0.937619,0.899032,1,3,0,4969.54,-8.45435e-05,0.994327
-4968.79,0.883502,0.899032,2,3,0,4969.87,-0.00895999,0.99905
-4968.91,0.828097,0.899032,2,3,0,4970.2,-0.00270689,0.992724
-4968.83,0.909648,0.899032,2,3,0,4969.68,-0.00660127,1.00063
-4969.2,0.873241,0.899032,1,3,0,4969.73,-0.0122529,0.991603
-4970.4,0.9085,0.899032,2,3,0,4970.5,-0.0222392,0.991444
-4971.03,0.773063,0.899032,2,3,0,4973.69,0.0147548,1.00217
-4969.89,1,0.899032,2,3,0,4970.85,0.00911168,1.00039
-4971.35,0.707095,0.899032,2,3,0,4973.29,-0.00184633,1.01319
-4970.41,1,0.899032,2,3,0,4972.4,0.0093845,0.989455
-4970.75,0.958949,0.899032,2,3,0,4971.66,-0.00868645,1.01124
-4969.71,0.915126,0.899032,2,3,0,4972.09,0.00628907,1.00252
-4969.2,1,0.899032,2,3,0,4970.01,-0.00409505,0.989896
-4970.05,0.520295,0.899032,2,3,0,4974.33,-0.0125392,1.00759
-4969.4,0.926698,0.899032,2,3,0,4971.08,0.000948423,1.00401
-4971.46,0.855816,0.899032,2,3,0,4971.58,-0.0253923,0.98827
-4968.81,1,0.899032,2,3,0,4970.98,-0.00188569,0.999124
-4970.02,0.77193,0.899032,2,3,0,4971.03,-0.0140741,0.987208
-4969.49,1,0.899032,1,1,0,4970.02,-0.0145861,0.990701
-4968.75,0.947941,0.899032,1,3,0,4969.87,-0.00468413,0.999167
-4969.04,0.946344,0.899032,2,3,0,4969.09,-0.0137315,0.995734
-4970.19,0.778597,0.899032,2,3,0,4971.32,-0.0200225,0.990324
-4970.51,0.977797,0.899032,2,3,0,4971.16,-0.0246274,0.997576
-4969.54,1,0.899032,2,3,0,4970.52,0.00614317,1.00093
-4970.05,0.702816,0.899032,2,3,0,4973.27,-0.0195978,0.990972
-4969.28,0.845182,0.899032,2,3,0,4971.17,0.00188112,0.991399
-4969.56,0.916174,0.899032,2,3,0,4970.21,-0.0135104,1.00443
-4968.93,0.963825,0.899032,2,3,0,4969.96,-0.0124272,0.997312
-4969.75,0.859007,0.899032,2,3,0,4969.98,-0.00103748,0.987243
-4970.59,0.823413,0.899032,1,1,0,4970.69,0.00271721,0.984661
-4970.36,1,0.899032,2,3,0,4971.07,0.00844221,0.988859
-4970.79,0.960931,0.899032,2,3,0,4971.72,-0.0257289,0.994565
-4972.74,0.876008,0.899032,2,3,0,4973.11,-0.0300444,0.987102
-4969.11,0.884137,0.899032,2,3,0,4973.91,-0.00899292,0.990953
-4969.01,0.961377,0.899032,2,3,0,4969.65,-0.00133357,1.00169
-4969.23,0.952809,0.899032,2,3,0,4969.61,-0.0139056,1.00136
-4970.25,0.679062,0.899032,2,3,0,4971.59,-0.0132415,0.985831
-4968.72,0.946818,0.899032,1,3,0,4970.62,-0.00638641,0.998473
-4968.76,0.990554,0.899032,1,1,0,4968.76,-0.0072835,0.999272
-4968.75,0.999711,0.899032,2,3,0,4968.81,-0.00894428,0.997029
-4968.72,0.976017,0.899032,2,3,0,4968.94,-0.00314344,0.99634
-4968.72,0.725512,0.899032,2,3,0,4971.09,-0.00664144,0.995257
-4968.72,0.658342,0.899032,1,3,0,4970.64,-0.00664144,0.995257
-4968.75,0.776159,0.899032,2,3,0,4970.55,-0.00234439,0.997331
-4970.74,0.747206,0.899032,2,3,0,4971.31,0.0129083,1.0028
-4970.24,0.980447,0.899032,2,3,0,4971.19,-0.0230863,0.997936
-4970.28,0.996415,0.899032,2,3,0,4970.32,0.0121319,0.996386
-4969.1,1,0.899032,2,3,0,4970.45,-0.0089804,0.991031
-4969.05,0.947377,0.899032,2,7,0,4969.64,0.00235491,0.995004
-4969.49,0.951288,0.899032,2,7,0,4969.62,-0.0175698,0.994137
-4969.33,0.983655,0.899032,2,3,0,4969.8,0.00482979,1.00002
-4969.71,0.795063,0.899032,2,3,0,4971.67,-0.018331,0.99253
-4971.63,0.457765,0.899032,1,3,0,4975.42,0.00436963,1.01274
-4971.95,0.97361,0.899032,2,3,0,4972.28,-0.0147836,0.9804
-4971.14,0.828782,0.899032,2,3,0,4975.16,0.00485049,1.01087
-4970.58,1,0.899032,2,3,0,4971.83,-0.0230329,0.991096
-4970.71,0.992159,0.899032,2,3,0,4971.02,0.0117889,1.00417
-4968.94,0.987208,0.899032,1,3,0,4970.47,0.00140884,0.997726
-4969.5,0.895426,0.899032,2,3,0,4969.78,-0.0063788,0.988043
-4968.95,0.901606,0.899032,1,3,0,4970.35,-0.0100171,1.00091
-4969.09,0.890092,0.899032,2,7,0,4969.78,-0.00689669,0.990735
-4969.07,0.819532,0.899032,2,3,0,4970.74,-0.00722635,1.00299
-4969.43,0.934531,0.899032,2,3,0,4969.77,-0.0170595,0.999732
-4969.88,0.904218,0.899032,1,1,0,4969.96,-0.0194976,1.00171
-4968.78,1,0.899032,2,3,0,4969.71,-0.00373345,0.994193
-4970.01,0.776843,0.899032,1,3,0,4970.21,0.00903708,0.99215
-4968.81,0.901574,0.899032,1,3,0,4970.75,-0.00925959,0.99923
-4969.92,0.781321,0.899032,2,3,0,4970.27,-0.00109287,1.0076
-4969.9,0.935181,0.899032,2,3,0,4971.31,-0.0190781,1.00249
-4968.84,0.972777,0.899032,2,3,0,4970.16,-0.00348,1.00052
-4969.64,0.818995,0.899032,2,3,0,4970.05,0.00765032,0.994476
-4970.19,0.954607,0.899032,2,3,0,4970.85,-0.0175759,0.988236
-4969.25,1,0.899032,2,3,0,4970.14,-0.00778717,0.989671
-4968.85,0.999995,0.899032,2,7,0,4969.19,-0.00665354,1.00083
-4968.9,0.938289,0.899032,1,3,0,4969.37,-0.00576003,0.99236
-4969.02,0.90255,0.899032,1,3,0,4969.69,-0.00464161,1.00263
-4972.26,0.567346,0.899032,1,3,0,4972.53,-0.00434591,1.01602
-4970.27,1,0.899032,1,1,0,4971.89,-0.00694749,1.00952
-4970.85,0.880815,0.899032,1,1,0,4971.06,-0.00673765,1.01172
-4969.42,1,0.899032,2,3,0,4971.1,-0.0153434,1.00194
-4969.43,0.974318,0.899032,2,3,0,4970.14,-0.0109224,0.989251
-4969.8,0.78652,0.899032,2,3,0,4971.61,0.00326947,1.00541
-4971.19,0.814347,0.899032,2,3,0,4971.45,-0.0248081,0.989151
-4971.09,1,0.899032,2,3,0,4971.22,0.0130806,1.00512
-4969.81,1,0.899032,2,3,0,4970.93,0.00431363,1.00491
-4969.49,1,0.899032,1,1,0,4969.86,0.0011764,1.00452
-4970.51,0.800758,0.899032,1,1,0,4970.53,0.00420138,1.00859
-4969.78,1,0.899032,1,1,0,4970.45,0.00180874,1.00602
-4971.81,0.752298,0.899032,2,3,0,4972.59,-0.0137169,1.01382
-4970.79,1,0.899032,1,1,0,4971.84,-0.0139582,1.01028
-4970.35,0.845008,0.899032,2,7,0,4973.09,0.0105902,1.00286
-4968.79,1,0.899032,2,3,0,4970.39,-0.00647913,1.00007
-4969.74,0.85351,0.899032,2,3,0,4970.17,-0.00120603,1.00672
-4970.42,0.954015,0.899032,2,3,0,4970.52,-0.00126137,1.00979
-4969.46,1,0.899032,2,3,0,4970.27,4.88374e-05,1.00474
-4969.72,0.926642,0.899032,2,3,0,4970.6,0.00728557,0.992596
-4969.95,0.951209,0.899032,2,3,0,4970.59,-0.0187895,1.00321
-4969.23,0.999383,0.899032,2,7,0,4970.32,0.00173291,1.00212
-4971.47,0.613627,0.899032,2,3,0,4972.65,-0.0136938,1.01276
-4971.92,0.906542,0.899032,1,1,0,4972.46,-0.0103634,1.01479
-4972.62,0.846913,0.899032,2,3,0,4974.52,0.00129569,0.978099
-4970.95,1,0.899032,1,1,0,4972.44,0.000204971,0.982697
-4971.08,0.968611,0.899032,1,1,0,4971.58,0.00286596,0.982926
-4969.77,1,0.899032,2,3,0,4971.5,-0.0200828,0.9987
-4969.44,1,0.899032,1,1,0,4969.84,-0.0177678,0.996138
-4969.62,0.94661,0.899032,2,3,0,4970.26,0.00751078,0.999482
-4969.9,0.968744,0.899032,2,3,0,4970.4,-0.0185968,1.00299
-4971.53,0.695389,0.899032,1,1,0,4971.59,-0.0274562,1.0038
-4968.79,0.973089,0.899032,1,3,0,4971.36,-0.00920296,0.998649
-4969.5,0.88077,0.899032,2,3,0,4969.65,-0.00754027,1.00586
-4969.36,1,0.899032,1,1,0,4969.6,-0.00948885,1.00466
-4969.3,1,0.899032,2,3,0,4969.68,-0.00318534,0.989356
-4969.07,0.767258,0.899032,2,3,0,4971.59,-0.00565436,1.00306
-4971.33,0.651264,0.899032,2,3,0,4971.8,0.0155132,0.990911
-4971.93,0.908738,0.899032,2,3,0,4972.69,-0.0278272,1.00588
-4970.31,0.971372,0.899032,2,3,0,4973.31,0.00413254,1.0077
-4968.91,0.990921,0.899032,1,3,0,4970.08,-0.000869986,1.00021
-4969.19,0.726502,0.899032,2,3,0,4971.51,-0.0114416,0.991214
-4969.8,0.929047,0.899032,2,3,0,4970.19,-0.0125232,1.00631
-4969.75,0.999853,0.899032,2,7,0,4970.26,0.00272158,0.988599
-4969.28,1,0.899032,1,1,0,4969.69,-6.21639e-05,0.990413
-4968.89,0.894398,0.899032,2,3,0,4969.88,-0.00368568,1.00114
-4970.11,0.826342,0.899032,2,3,0,4970.29,-0.0113187,1.00819
-4970.47,0.871653,0.899032,2,3,0,4971.94,0.00250084,0.985074
-4968.89,1,0.899032,2,3,0,4970.13,-0.00751002,1.00112
-4968.84,0.958782,0.899032,1,3,0,4969.27,-0.00109171,0.994724
-4969.25,0.859432,0.899032,1,3,0,4969.84,-0.0065522,1.00439
-4968.92,0.999882,0.899032,2,7,0,4969.28,-0.00968643,0.99315
-4968.87,0.94924,0.899032,1,3,0,4969.41,-0.000282612,0.99895
-4969.56,0.920931,0.899032,2,3,0,4969.7,-0.0167522,1.0019
-4970.21,0.674362,0.899032,2,3,0,4971.99,0.00681483,1.00564
-4968.97,0.92603,0.899032,2,3,0,4970.76,-0.0109458,1.0006
-4969.26,0.747871,0.899032,2,3,0,4971.37,0.000298986,0.990714
-4969.63,0.850233,0.899032,2,3,0,4970.89,0.000888659,0.988497
-4971.19,0.697853,0.899032,1,1,0,4971.22,0.0022454,0.982377
-4968.8,1,0.899032,2,3,0,4970.86,-0.00389175,1.00005
-4969.08,0.918218,0.899032,2,3,0,4969.32,-0.0137263,0.999352
-4970.19,0.910915,0.899032,2,3,0,4970.24,-0.0228179,0.997676
-4969.59,0.997982,0.899032,2,7,0,4970.54,0.00260635,0.989502
-4968.87,1,0.899032,2,3,0,4969.54,-0.00446152,1.00105
-4969.09,0.934173,0.899032,2,3,0,4969.49,-0.00294991,1.003
-4969.2,0.95499,0.899032,2,3,0,4969.74,-0.0147284,0.999999
-4968.83,0.723409,0.899032,2,3,0,4971.85,-0.000288374,0.996804
-4968.9,0.684651,0.899032,2,3,0,4971.78,-0.0106505,0.994091
-4968.98,0.978142,0.899032,2,3,0,4969.22,-0.00108105,0.992612
-4968.99,0.998512,0.899032,1,1,0,4969.05,-0.000933118,0.992617
-4969.19,0.867778,0.899032,1,3,0,4970.16,-0.0109958,1.00286
-4970.37,0.868938,0.899032,2,7,0,4970.56,0.0117946,0.99312
-4969.31,0.992316,0.899032,2,3,0,4970.9,-0.00278002,1.00454
-4969.38,0.84263,0.899032,1,3,0,4971.05,-0.00466385,0.988742
-4969.81,0.905937,0.899032,1,1,0,4969.91,-0.00786303,0.986589
-4969.25,1,0.899032,2,7,0,4970.03,0.00379956,1.00041
-4971.1,0.793145,0.899032,2,3,0,4971.64,-0.0218131,1.00753
-4968.83,1,0.899032,2,3,0,4971.09,-0.00293825,1.00006
-4968.71,0.990299,0.899032,1,3,0,4968.9,-0.00508786,0.995718
-4969.19,0.931703,0.899032,2,3,0,4969.29,0.00427986,0.997839
-4968.76,1,0.899032,2,3,0,4969.16,-0.00778446,0.999043
-4972.33,0.448594,0.899032,1,3,0,4973.21,-0.032493,0.997966
-4972.44,0.991506,0.899032,2,3,0,4972.66,0.0215269,0.995112
-4970.26,0.992855,0.899032,2,3,0,4972.27,-0.0224785,0.993387
-4969.47,0.769918,0.899032,2,3,0,4971.93,-0.0047578,1.00577
-4969.67,0.9372,0.899032,2,3,0,4970.4,0.00741779,1.00062
-4970.15,0.899705,0.899032,1,1,0,4970.27,0.0105125,1.0009
-4970.53,0.884871,0.899032,2,3,0,4971.67,-0.0229958,0.991437
-4971.14,0.867437,0.899032,1,1,0,4971.44,-0.0247081,0.989369
-4968.87,0.945123,0.899032,2,3,0,4971.63,-0.0115339,0.997488
-4970.67,0.592663,0.899032,1,3,0,4971.97,0.00776018,1.00748
-4968.93,0.98809,0.899032,1,3,0,4970.4,-0.00211721,1.00113
-4968.82,0.999693,0.899032,2,7,0,4968.97,-0.00425497,0.993477
-4969.02,0.863949,0.899032,2,3,0,4969.91,-0.00673335,1.0026
-4969.5,0.799729,0.899032,1,3,0,4970.63,0.00320361,0.990552
-4969.79,0.934482,0.899032,1,1,0,4969.91,0.00479829,0.989596
-4968.86,0.944214,0.899032,2,3,0,4970.37,-0.00377561,1.00086
-4968.82,1,0.899032,2,3,0,4968.93,-0.000919119,0.998401
-4969.1,0.978478,0.899032,2,3,0,4969.12,0.000686254,1.00152
-4969.64,0.886477,0.899032,1,1,0,4969.66,0.00474025,1.00341
-4969.06,0.79815,0.899032,2,3,0,4971.83,-0.0124304,0.993288
-4968.91,0.931274,0.899032,2,3,0,4969.77,-0.000584835,0.999989
-4969.41,0.808158,0.899032,1,3,0,4970.35,-0.0159695,0.992744
-4969.4,1,0.899032,2,7,0,4969.43,0.00455397,1.00138
-4969.27,0.937417,0.899032,2,3,0,4970.26,-0.00461064,1.00455
-4970.27,0.934563,0.899032,2,3,0,4970.28,-0.00549083,1.00957
-4969.56,1,0.899032,1,1,0,4970.22,-0.0021745,1.00596
-4969.75,0.959984,0.899032,1,1,0,4969.9,-0.000573376,1.00661
-4970.55,0.946092,0.899032,2,3,0,4970.76,0.00757899,1.00697
-4968.99,0.991686,0.899032,2,3,0,4970.81,-0.00881988,1.00194
-4969.21,0.920965,0.899032,2,3,0,4969.81,-0.00590116,1.00416
-4968.78,1,0.899032,2,7,0,4969.12,-0.00531044,0.993938
-4968.74,0.589849,0.899032,2,3,0,4973.03,-0.00295397,0.998168
-4968.74,0.890784,0.899032,2,3,0,4969.57,-0.00666768,0.994735
-4968.86,0.978268,0.899032,2,3,0,4968.95,-0.000742427,0.994658
-4968.76,0.811848,0.899032,2,3,0,4970.4,-0.00751993,0.999192
-4968.75,0.999889,0.899032,2,7,0,4968.81,-0.00769281,0.995034
-4968.72,0.964988,0.899032,2,3,0,4969.01,-0.00457197,0.998315
-4968.71,0.996473,0.899032,2,3,0,4968.76,-0.00592759,0.998449
-4968.71,0.720721,0.899032,1,3,0,4970.22,-0.00592759,0.998449
-4969.01,0.944448,0.899032,1,3,0,4969.04,-0.00868434,1.00217
-4969.84,0.913553,0.899032,2,7,0,4969.91,-0.00684304,0.986364
-4969.07,0.921941,0.899032,2,3,0,4970.65,-0.00269804,0.991164
-4968.71,0.997233,0.899032,1,3,0,4969.03,-0.00528197,0.995494
-4968.69,0.99888,0.899032,1,3,0,4968.72,-0.00530912,0.997183
-4968.82,0.683256,0.899032,2,3,0,4971.44,-0.0100748,0.998525
-4969.92,0.798343,0.899032,2,3,0,4970.21,-0.0114569,0.986781
-4968.86,0.99993,0.899032,2,3,0,4970.06,-0.0114113,0.996823
-4968.99,0.870528,0.899032,2,3,0,4969.96,0.00209125,0.996174
-4969.94,0.841232,0.899032,2,3,0,4970.21,-0.00988006,1.00776
-4970.44,0.920364,0.899032,2,3,0,4971.07,-0.0140761,0.985313
-4969.25,0.880053,0.899032,2,3,0,4971.74,-0.0135151,0.991998
-4969.59,0.766949,0.899032,1,3,0,4971.38,0.00365508,1.00381
-4969.58,0.999767,0.899032,2,7,0,4969.98,-0.0159688,0.991099
-4968.71,1,0.899032,2,3,0,4969.57,-0.00717125,0.997812
-4969.23,0.865886,0.899032,1,3,0,4969.53,0.00478564,0.997155
-4969.02,1,0.899032,1,1,0,4969.22,0.00245744,0.997794
-4968.71,1,0.899032,2,3,0,4968.98,-0.00688942,0.995749
-4969.21,0.924043,0.899032,2,3,0,4969.37,-0.00664789,0.989823
-4969.21,0.577733,0.899032,1,3,0,4971.91,-0.00664789,0.989823
-4969.31,0.903053,0.899032,2,3,0,4970.3,-0.00978375,0.989716
-4968.84,0.93075,0.899032,1,3,0,4969.87,-0.00690114,1.00065
-4969.68,0.813639,0.899032,2,3,0,4970.08,-0.0195957,0.996267
-4969.4,0.90535,0.899032,2,3,0,4970.89,-0.0153052,1.00186
-4969.21,0.922312,0.899032,2,3,0,4970.32,-0.0115609,1.0028
-4968.99,1,0.899032,2,3,0,4969.31,0.00204126,0.996056
-4969.25,0.834737,0.899032,2,7,0,4970.21,-0.0143736,1.00105
-4969.01,0.958065,0.899032,2,3,0,4969.67,-0.0107914,0.992695
-4968.89,0.943381,0.899032,2,3,0,4969.6,-0.00066926,0.999632
-4969.47,0.882719,0.899032,2,3,0,4970,0.000770479,1.00454
-4968.82,1,0.899032,2,3,0,4969.49,-0.0105022,0.997908
-4968.81,0.957864,0.899032,2,3,0,4969.21,-0.00153847,0.994988
-4968.93,0.835215,0.899032,2,3,0,4970.14,-0.0121154,0.99845
-4969.11,0.982426,0.899032,2,3,0,4969.19,0.000106509,0.991903
-4968.88,0.940582,0.899032,2,3,0,4969.5,-0.00207731,1.00044
-4969.18,0.864258,0.899032,1,3,0,4969.9,-0.0103208,0.990874
-4969.33,0.975876,0.899032,2,3,0,4969.7,-0.000254541,0.989982
-4969.28,0.961781,0.899032,2,7,0,4969.98,-0.0135499,0.991784
-4972.01,0.665751,0.899032,2,3,0,4973.37,-0.0280621,1.00603
-4971.96,1,0.899032,1,1,0,4972.71,-0.0277957,1.00612
-4971.25,0.971623,0.899032,2,3,0,4974.12,-0.0246788,0.988645
-4969.87,1,0.899032,1,1,0,4970.98,-0.0184592,0.991159
-4968.72,0.997979,0.899032,2,3,0,4969.9,-0.00559115,0.995242
-4968.72,0.627342,0.899032,2,3,0,4972.38,-0.00585952,0.995351
-4969.55,0.793828,0.899032,1,3,0,4970.04,-0.0103147,1.00561
-4972.34,0.759395,0.899032,2,7,0,4972.42,-0.00340687,0.978225
-4968.76,0.948617,0.899032,1,3,0,4972.68,-0.00907302,0.996194
-4970.21,0.835938,0.899032,2,3,0,4970.32,0.00203642,1.00807
-4971.2,0.934321,0.899032,2,3,0,4971.64,-0.00690512,1.0129
-4970.69,1,0.899032,1,1,0,4971.43,-0.00378051,1.0111
-4969.46,1,0.899032,2,3,0,4970.58,-0.0100945,1.00513
-4968.75,0.991983,0.899032,1,3,0,4969.49,-0.00346336,0.998903
-4968.72,0.99785,0.899032,2,3,0,4968.79,-0.00712447,0.998247
-4968.76,0.918029,0.899032,2,3,0,4969.32,-0.00224664,0.995723
-4970.83,0.650489,0.899032,1,3,0,4971.14,0.0144515,0.993741
-4969.82,1,0.899032,2,3,0,4971.54,-0.0142068,0.988352
-4969.82,0.787541,0.899032,1,1,0,4970.78,-0.0142068,0.988352
-4968.85,0.997964,0.899032,1,3,0,4969.65,-0.00742688,0.993158
-4969.31,0.888593,0.899032,2,3,0,4969.6,0.00386656,0.992898
-4969.86,0.879589,0.899032,1,1,0,4969.91,0.00701142,0.990967
-4969.64,0.983082,0.899032,2,3,0,4970.24,-0.0166276,1.00278
-4969.78,0.968222,0.899032,1,1,0,4969.97,-0.0186853,1.00177
-4969.82,0.9869,0.899032,2,3,0,4970.36,0.000163721,0.987246
-4971.27,0.906428,0.899032,2,3,0,4971.59,-0.00890123,0.9813
-4968.9,0.975656,0.899032,2,3,0,4971.58,-0.000260955,0.994341
-4968.92,0.792081,0.899032,2,3,0,4970.69,-0.00782428,1.00141
-4970.28,0.781081,0.899032,2,3,0,4970.61,-0.0225015,1.001
-4970.06,0.699435,0.899032,2,7,0,4973.47,0.00122285,0.986394
-4968.81,0.992445,0.899032,1,3,0,4969.93,-0.00590907,0.993493
-4968.78,0.893875,0.899032,2,3,0,4969.64,-0.00360872,0.999496
-4969.04,0.905106,0.899032,1,3,0,4969.43,-0.00407154,0.991112
-4970.49,0.813165,0.899032,2,3,0,4971,0.0120208,1.00196
-4970.31,0.961594,0.899032,2,3,0,4971.6,-0.0212844,0.990887
-4970.35,0.957852,0.899032,2,3,0,4971.83,0.0115512,1.00132
-4970.53,0.958359,0.899032,1,1,0,4970.88,0.0131194,0.999845
-4970.77,0.920215,0.899032,2,3,0,4972.4,-0.0259121,0.996898
-4970.37,0.97065,0.899032,2,3,0,4972.25,-0.00101776,0.984555
-4969.36,1,0.899032,2,3,0,4970.66,0.00502016,0.993741
-4969.98,0.713578,0.899032,1,3,0,4972,-0.0210638,0.994036
-4971.12,0.766973,0.899032,1,1,0,4971.22,-0.0265467,0.992434
-4970.92,1,0.899032,1,1,0,4971.54,-0.0259688,0.993422
-4972.45,0.709332,0.899032,1,1,0,4972.81,-0.0329426,0.997819
-4971.29,0.791722,0.899032,2,3,0,4976.35,-0.0145627,0.982379
-4972.69,0.722693,0.899032,1,1,0,4973.07,-0.0116775,0.977769
-4972.48,1,0.899032,2,3,0,4973.45,-0.00156052,1.01644
-4972.28,1,0.899032,2,3,0,4973.5,-0.0121534,0.978909
-4971.25,1,0.899032,1,1,0,4972.41,-0.0122853,0.981892
-4970.15,0.997398,0.899032,2,7,0,4971.81,-0.0144058,1.00733
-4968.89,0.946113,0.899032,2,3,0,4970.68,0.000192041,0.998526
-4970.07,0.750257,0.899032,2,3,0,4970.63,0.00296071,0.987011
-4971.69,0.833771,0.899032,2,7,0,4972.28,-0.0011724,1.01414
-4969.16,1,0.899032,2,3,0,4971.2,-0.0112514,0.991462
-4969.75,0.87269,0.899032,1,1,0,4969.77,-0.0127249,0.988077
-4969.97,0.949788,0.899032,1,1,0,4970.16,-0.012982,0.987021
-4971.3,0.736026,0.899032,1,1,0,4971.42,-0.0120329,0.981672
-4971.3,0.89512,0.899032,1,1,0,4972.16,-0.0120329,0.981672
-4968.7,0.933114,0.899032,1,3,0,4971.77,-0.00585057,0.997947
-4968.74,0.994219,0.899032,2,3,0,4968.75,-0.00820043,0.998088
-4969.06,0.96748,0.899032,2,3,0,4969.06,0.00230286,0.99466
-4969.28,0.950079,0.899032,1,1,0,4969.33,0.00502932,0.99551
-4969.69,0.903311,0.899032,2,3,0,4970.37,-0.00879007,0.987273
-4970.49,0.943794,0.899032,2,3,0,4970.96,0.00328631,0.985267
-4968.7,1,0.899032,2,3,0,4970.28,-0.00559854,0.998001
-4970.46,0.640028,0.899032,1,3,0,4971.21,-0.0123292,0.984689
-4969.14,0.982455,0.899032,2,3,0,4970.91,-0.0145143,0.999139
-4969.25,0.90782,0.899032,2,7,0,4970,-0.000963333,1.00366
-4969.82,0.960814,0.899032,2,3,0,4969.92,-0.00457683,1.00756
-4969.55,0.997798,0.899032,2,3,0,4970.25,-0.016141,0.991501
-4969.91,0.921553,0.899032,1,1,0,4970.05,-0.0164091,0.989125
-4969.86,1,0.899032,2,3,0,4970.12,0.00417426,1.0053
-4970.7,0.924133,0.899032,2,3,0,4971.09,-0.0243695,0.992293
-4970.72,0.818435,0.899032,2,3,0,4973.67,-0.0119627,1.01056
-4969.56,1,0.899032,2,3,0,4970.87,0.00625591,0.993049
-4969.57,0.998985,0.899032,2,7,0,4970.08,-0.0165454,1.00225
-4969.01,0.985554,0.899032,2,3,0,4969.9,-0.0104095,0.9924
-4971.84,0.741018,0.899032,2,3,0,4971.85,0.00680368,1.01254
-4969.55,0.889338,0.899032,2,3,0,4973.26,0.00691689,0.999663
-4969.48,0.94331,0.899032,2,3,0,4970.53,-0.000182977,0.988973
-4970.12,0.726347,0.899032,2,3,0,4972.37,-0.00962816,1.00862
-4972.33,0.809839,0.899032,2,7,0,4972.77,-0.0135489,0.979053
-4971.6,1,0.899032,1,1,0,4972.71,-0.00870707,0.980279
-4970.28,0.987119,0.899032,2,3,0,4971.9,-0.0133089,1.0084
-4968.69,0.977471,0.899032,1,3,0,4970.42,-0.00579972,0.997287
-4968.72,0.917786,0.899032,2,3,0,4969.28,-0.00529692,0.995104
-4971.66,0.53516,0.899032,2,3,0,4972.35,-0.0229052,0.985123
-4969.68,1,0.899032,1,1,0,4971.23,-0.0171333,0.991363
-4969.27,0.995608,0.899032,2,3,0,4970.16,-0.00976222,1.00395
-4969.14,1,0.899032,2,3,0,4969.31,-0.00805261,1.00338
-4968.93,1,0.899032,2,7,0,4969.24,0.000950381,0.995414
-4970.37,0.781759,0.899032,1,3,0,4970.43,0.0124037,0.994816
-4970.4,0.979931,0.899032,2,3,0,4971.22,-0.0179276,1.00678
-4969.47,1,0.899032,1,1,0,4970.23,-0.014137,1.00341
-4969.42,1,0.899032,1,1,0,4969.61,-0.0143956,1.00278
-4969.75,0.918419,0.899032,2,3,0,4970.43,-0.00144737,1.00682
-4969.41,1,0.899032,2,3,0,4969.97,0.00402544,1.00203
-4970.53,0.819971,0.899032,2,3,0,4971.04,-0.0229748,1.00278
-4969.7,0.755878,0.899032,1,3,0,4973.66,0.00576812,0.991013
-4969.58,0.98848,0.899032,2,3,0,4970.33,-0.017373,1.00133
-4969.36,0.889256,0.899032,2,3,0,4970.53,-0.000508871,1.00431
-4969.53,0.971738,0.899032,2,3,0,4969.94,-0.0183099,0.995355
-4970.15,0.942596,0.899032,2,3,0,4970.38,0.0109065,0.994168
-4969.55,0.728683,0.899032,2,3,0,4972.1,-0.0148415,0.990443
-4970.08,0.739227,0.899032,2,3,0,4971.57,0.00710538,0.989463
-4973.9,0.544271,0.899032,2,3,0,4975.17,0.0261051,1.0013
-4969.26,0.970069,0.899032,1,3,0,4973.37,0.0045688,0.994854
-4969.35,0.918797,0.899032,2,3,0,4970.23,-0.0095713,0.989358
-4970.41,0.56379,0.899032,2,3,0,4974.08,0.00057283,1.00938
-4969.06,0.997007,0.899032,2,3,0,4970.69,-0.0135193,0.999284
-4969.31,0.784843,0.899032,2,3,0,4971.17,0.00339965,0.992382
-4969.36,0.996535,0.899032,2,3,0,4969.51,0.00503177,0.993897
-4968.88,0.993392,0.899032,2,3,0,4969.56,-0.00174212,1.00036
-4969.79,0.865431,0.899032,2,3,0,4969.84,-0.00757885,0.986627
-4970.06,0.970876,0.899032,2,3,0,4970.33,-0.00407818,1.00865
-4970.26,0.795823,0.899032,2,3,0,4972.87,-0.00396707,0.984603
-4970.02,0.972592,0.899032,2,3,0,4971.45,0.00968512,1.00091
-4968.76,0.986793,0.899032,1,3,0,4969.99,-0.00409081,0.999345
-4970.7,0.592774,0.899032,1,3,0,4971.74,-0.0235361,0.990894
-4968.85,0.946903,0.899032,2,3,0,4971.11,-0.00781884,1.00055
-4969.83,0.829292,0.899032,2,3,0,4970.02,0.00944335,0.996986
-4970.52,0.731127,0.899032,2,3,0,4972.91,-0.0243296,0.999671
-4968.71,0.941857,0.899032,1,3,0,4970.94,-0.00398801,0.996073
-4968.69,0.937483,0.899032,2,3,0,4969.15,-0.00586523,0.997223
-4968.75,0.691053,0.899032,2,3,0,4971.44,-0.00785967,0.995102
-4968.87,0.841817,0.899032,2,3,0,4969.96,-0.000693257,0.999271
-4968.98,0.968989,0.899032,2,3,0,4969.23,-0.00750652,1.00211
-4968.75,1,0.899032,2,3,0,4968.95,-0.00707904,0.994835
-4970.25,0.790839,0.899032,2,3,0,4970.77,-0.0195757,0.989486
-4968.99,0.918846,0.899032,2,3,0,4971.02,-0.00985565,0.992431
-4968.77,0.993462,0.899032,2,3,0,4969.09,-0.00307228,0.99475
-4968.7,0.791834,0.899032,2,3,0,4970.45,-0.0069811,0.997043
-4970.1,0.832185,0.899032,2,3,0,4970.26,0.00504102,1.0062
-4971.33,0.88508,0.899032,2,7,0,4972.05,-0.0284865,0.9964
-4969.75,1,0.899032,2,3,0,4971.06,-0.01954,0.994127
-4969.59,1,0.899032,2,3,0,4970.01,0.00747382,0.998931
-4969.81,0.854564,0.899032,2,3,0,4971.32,-0.0205174,0.997534
-4970.48,0.753695,0.899032,2,3,0,4972.74,-0.0207612,0.989126
-4969.02,0.83992,0.899032,1,3,0,4971.85,0.00252725,0.997248
-4969.57,0.818845,0.899032,2,3,0,4970.8,-0.017492,0.992928
-4969.09,0.998686,0.899032,2,3,0,4969.56,0.00327391,0.99678
-4969.09,0.602863,0.899032,1,3,0,4971.49,0.00327391,0.99678
-4969.82,0.807824,0.899032,2,3,0,4970.72,0.00366174,0.988717
-4969.54,0.774203,0.899032,2,3,0,4972.45,-0.0110913,1.00532
-4969.94,0.967158,0.899032,2,3,0,4970.48,0.00998351,0.995479
-4968.73,0.993554,0.899032,2,3,0,4970,-0.00351284,0.998109
-4968.74,0.997079,0.899032,1,1,0,4968.75,-0.00321763,0.998351
-4968.82,0.96238,0.899032,1,3,0,4969,-0.00963581,0.994867
-4969.94,0.814242,0.899032,2,3,0,4970.57,-0.0203387,0.993032
-4969.66,0.92517,0.899032,2,3,0,4971.12,0.00632051,1.00203
-4970.77,0.907289,0.899032,2,3,0,4971.03,-0.0161898,0.984813
-4969.7,1,0.899032,2,3,0,4970.84,-0.00498119,1.007
-4970.64,0.813261,0.899032,1,1,0,4970.75,-0.00952717,1.01073
-4968.97,1,0.899032,2,3,0,4970.27,-0.00461627,0.991717
-4970.96,0.700079,0.899032,1,3,0,4971.12,0.00553761,0.984338
-4970.75,1,0.899032,2,3,0,4972.33,0.00333713,1.00994
-4970.17,0.875671,0.899032,2,3,0,4972.85,-0.0207269,1.00277
-4968.85,1,0.899032,2,3,0,4969.93,-0.00274209,0.993498
-4970.22,0.76895,0.899032,2,3,0,4970.41,-0.0230094,0.997343
-4968.7,0.982067,0.899032,1,3,0,4970.26,-0.00666455,0.997562
-4968.94,0.964965,0.899032,2,3,0,4969,-0.00452207,1.00185
-4968.69,0.99314,0.899032,1,3,0,4968.99,-0.0057582,0.996655
-4968.69,0.748296,0.899032,1,3,0,4970.02,-0.0057582,0.996655
-4969.37,0.846106,0.899032,1,3,0,4969.63,-0.00909619,1.0048
-4969.03,1,0.899032,2,3,0,4969.57,0.00259836,0.996583
-4969.03,0.372994,0.899032,1,3,0,4973.76,0.00259836,0.996583
-4971.46,0.630311,0.899032,1,3,0,4971.8,0.0122628,0.986399
-4973.39,0.811586,0.899032,2,3,0,4974.13,-0.0217554,1.01569
-4970.7,0.99048,0.899032,2,7,0,4973.65,-0.00892981,0.983159
-4968.97,1,0.899032,2,3,0,4970.5,0.000757509,0.999614
-4968.79,0.883397,0.899032,2,3,0,4969.96,-0.00995108,0.996054
-4968.8,0.940818,0.899032,2,7,0,4969.29,-0.00216816,0.999163
-4971.76,0.715475,0.899032,2,3,0,4971.97,-0.0298472,0.993836
-4972.07,0.928466,0.899032,2,3,0,4973.15,0.0168368,1.0064
-4969.23,1,0.899032,2,3,0,4972.04,0.00443654,0.995113
-4969.45,0.876571,0.899032,2,3,0,4970.58,0.00626615,0.994864
-4969.25,0.993699,0.899032,2,3,0,4969.6,-0.013457,1.00191
-4969.3,0.987428,0.899032,1,1,0,4969.41,-0.0135937,1.00236
-4969.24,1,0.899032,2,3,0,4969.4,-0.0123025,1.00267
-4969.41,0.983865,0.899032,2,3,0,4969.75,0.00634,0.997552
-4969.22,0.891978,0.899032,2,3,0,4970.69,-0.0156179,0.998612
-4968.77,1,0.899032,2,3,0,4969.12,-0.00179215,0.996326
-4969.95,0.783544,0.899032,2,3,0,4970.25,0.00234484,1.0067
-4971.18,0.861574,0.899032,2,7,0,4971.96,-0.0278141,0.996127
-4971.12,1,0.899032,2,7,0,4971.45,0.0162435,0.998967
-4969.97,1,0.899032,1,1,0,4970.98,0.00955577,1.00049
-4969.94,0.995987,0.899032,2,7,0,4970.33,0.00659711,1.00408
-4969.62,0.939324,0.899032,2,3,0,4970.81,-0.0151808,0.990198
-4968.74,1,0.899032,2,3,0,4969.62,-0.00779623,0.998476
-4968.79,0.95552,0.899032,2,3,0,4969.09,-0.00263072,0.994532
-4969,0.942991,0.899032,2,3,0,4969.18,0.00123312,0.999746
-4971.71,0.682896,0.899032,2,7,0,4972.61,0.00857292,0.983054
-4970.18,1,0.899032,2,3,0,4971.95,-0.00632294,0.984882
-4969.41,0.901112,0.899032,2,3,0,4971.42,0.00334628,0.99137
-4970.21,0.842407,0.899032,2,3,0,4970.97,0.0105476,1.00163
-4969.13,1,0.899032,2,3,0,4970.09,-0.0148133,0.998263
-4968.91,0.960219,0.899032,2,3,0,4969.55,-0.0116125,0.994958
-4970.08,0.789272,0.899032,2,3,0,4970.47,0.00197967,0.9866
-4970.23,0.988442,0.899032,2,3,0,4970.6,-0.0148552,1.00757
-4969.57,1,0.899032,1,1,0,4970.16,-0.0124181,1.00502
-4969.48,0.964814,0.899032,2,3,0,4970.45,0.00300766,0.990527
-4969.07,0.999477,0.899032,2,7,0,4969.56,-0.00601919,1.00309
-4970.74,0.706635,0.899032,2,3,0,4971.38,-0.024361,1.00234
-4970.55,0.984649,0.899032,2,3,0,4971.39,0.0136104,0.997656
-4970,1,0.899032,1,1,0,4970.61,0.0103545,0.998643
-4969.27,1,0.899032,1,1,0,4969.85,0.00493043,0.99835
-4969.36,0.843341,0.899032,2,7,0,4970.63,-0.0101803,0.989485
-4969.27,1,0.899032,1,1,0,4969.46,-0.00792263,0.989549
-4969.66,0.937445,0.899032,2,3,0,4969.83,-0.00802738,1.00665
-4968.93,0.912468,0.899032,2,3,0,4970.61,-0.00777238,0.992314
-4968.96,0.784981,0.899032,2,7,0,4970.77,-0.00675962,1.00207
-4968.79,1,0.899032,2,3,0,4969.03,-0.00970348,0.995783
-4969.84,0.820584,0.899032,1,3,0,4969.92,-0.0190889,0.992183
-4969.49,1,0.899032,1,1,0,4969.88,-0.0175849,0.994146
-4969.28,0.914086,0.899032,2,7,0,4970.39,-0.00869574,1.00432
-4969.29,0.846005,0.899032,2,3,0,4970.91,-0.00528791,0.98922
-4969.26,0.988582,0.899032,2,3,0,4969.78,-0.00748652,1.00435
-4970.84,0.82238,0.899032,2,3,0,4971.14,-0.0213708,1.00656
-4970.84,0.57012,0.899032,1,1,0,4973.01,-0.0213708,1.00656
-4968.93,1,0.899032,2,3,0,4970.67,0.000905596,0.998683
-4971.97,0.699376,0.899032,2,3,0,4972.43,-0.00714417,0.979154
-4971.85,1,0.899032,2,3,0,4972.93,-0.0165913,0.981274
-4969.15,0.96821,0.899032,2,3,0,4972.21,-0.0151939,0.997319
-4970.61,0.874977,0.899032,2,3,0,4970.68,0.0126629,1.00203
-4970.41,1,0.899032,2,3,0,4971.77,-0.0196415,1.00558
-4969.23,0.903483,0.899032,2,3,0,4971.49,-0.0119221,1.00277
-4969.04,1,0.899032,2,3,0,4969.27,-0.0129506,0.999754
-4968.75,1,0.899032,2,3,0,4969.03,-0.00542422,0.994564
-4968.73,0.981837,0.899032,2,3,0,4968.9,-0.00509764,0.998737
-4969.08,0.930931,0.899032,2,3,0,4969.16,0.00264626,0.994875
-4969.88,0.851299,0.899032,2,3,0,4970.33,-0.00227867,1.00764
-4969.53,0.954486,0.899032,2,3,0,4970.55,-0.00709419,0.987921
-4969.81,0.934299,0.899032,2,3,0,4970.35,-0.00534637,1.00756
-4970.67,0.802944,0.899032,2,3,0,4971.86,-0.0238736,1.00261
-4968.84,0.988515,0.899032,2,3,0,4970.84,-0.00539567,1.00084
-4969,0.965947,0.899032,1,1,0,4969.01,-0.00467514,1.00245
-4968.75,1,0.899032,2,3,0,4969,-0.00261916,0.995704
-4970.31,0.822237,0.899032,2,3,0,4970.46,-0.00643289,1.00973
-4969.14,0.815377,0.899032,2,3,0,4971.54,-0.0140775,0.993924
-4969.14,0.775442,0.899032,2,3,0,4971.34,0.00384765,0.997527
-4969.84,0.774033,0.899032,2,3,0,4971.03,-0.00984161,0.986754
-4970.18,0.974239,0.899032,2,3,0,4970.78,0.00212904,0.986158
-4970.61,0.892849,0.899032,2,3,0,4971.86,-0.011484,1.01023
-4969.3,0.828959,0.899032,1,3,0,4972.42,-0.0121988,0.990771
-4969.3,0.567022,0.899032,2,3,0,4972.32,-0.0121988,0.990771
-4970.1,0.74057,0.899032,2,3,0,4971.25,-0.0191448,1.00399
-4969.72,0.888779,0.899032,2,3,0,4971.78,0.00465389,0.989938
-4971.02,0.862632,0.899032,2,3,0,4971.67,-0.00652616,0.981915
-4971.56,0.958623,0.899032,2,3,0,4972.37,0.00548117,0.982206
-4971.13,0.932695,0.899032,2,3,0,4973.1,-0.0139907,1.01152
-4971.09,0.999965,0.899032,2,7,0,4971.21,0.00323656,0.983002
-4969.32,0.846647,0.899032,2,3,0,4972.28,-0.016189,0.994374
-4969.14,0.936471,0.899032,2,3,0,4970.08,-0.0091628,0.990774
-4969.24,0.930466,0.899032,2,3,0,4969.95,-0.00396945,1.00426
-4969.29,0.974771,0.899032,2,3,0,4969.81,-0.0089654,0.989618
-4969.66,0.76865,0.899032,2,3,0,4971.54,-0.00520239,1.00681
-4969.27,0.936455,0.899032,2,3,0,4970.51,-0.0141316,1.00153
-4969.14,0.859875,0.899032,2,3,0,4970.69,0.000342118,0.991785
-4971.6,0.429485,0.899032,1,3,0,4974.52,-0.0183249,1.01159
-4969.63,0.950456,0.899032,2,3,0,4972.62,-0.0184392,0.99364
-4969.88,0.74302,0.899032,2,7,0,4972.13,0.0080779,0.992056
-4968.88,1,0.899032,2,3,0,4969.88,0.000103851,0.998616
-4968.88,0.748402,0.899032,1,3,0,4970.25,0.000103851,0.998616
-4968.7,0.986731,0.899032,1,3,0,4968.98,-0.00724384,0.996818
-4968.97,0.950072,0.899032,2,3,0,4969.02,-0.0114491,1.00016
-4969.25,0.93696,0.899032,2,3,0,4969.67,-0.00254835,1.00406
-4970.17,0.721166,0.899032,2,3,0,4971.58,0.00850642,0.990191
-4970.24,0.994088,0.899032,2,3,0,4970.57,0.00909014,0.990259
-4970.63,0.750727,0.899032,2,3,0,4973.49,-0.0183303,1.00766
-4969.78,1,0.899032,1,1,0,4970.52,-0.0145017,1.00528
-4969.9,0.882848,0.899032,2,3,0,4971.47,0.00635355,0.990044
-4969.65,0.885143,0.899032,2,3,0,4971.47,0.00783137,0.999177
-4968.99,1,0.899032,2,3,0,4969.5,0.00175276,0.9985
-4968.93,0.874797,0.899032,2,3,0,4970.11,-0.0112568,0.994143
-4968.82,1,0.899032,2,3,0,4968.92,-0.00903678,0.994297
-4968.89,0.99463,0.899032,2,3,0,4968.95,-0.011852,0.996462
-4970.36,0.823364,0.899032,2,3,0,4970.71,-0.00540814,1.00993
-4970.72,0.974663,0.899032,2,3,0,4971.04,-0.0093008,1.01105
-4969.36,1,0.899032,2,7,0,4970.71,-0.0119438,0.990194
-4969.35,0.993826,0.899032,2,3,0,4969.66,-0.00580874,1.00507
-4969.35,0.897379,0.899032,1,1,0,4969.79,-0.00580874,1.00507
-4974.34,0.549018,0.899032,2,3,0,4975.93,-0.0384318,1.00223
-4968.73,1,0.899032,2,3,0,4974.23,-0.00806838,0.997985
-4970.07,0.75895,0.899032,2,3,0,4970.35,-0.0150086,0.98739
-4970.01,1,0.899032,2,3,0,4970.74,0.00183538,1.00719
-4970.01,0.777016,0.899032,1,1,0,4971.03,0.00183538,1.00719
-4969.09,0.932859,0.899032,2,3,0,4970.64,0.0026058,0.99448
-4968.92,0.913586,0.899032,2,3,0,4969.95,-0.011818,0.998773
-4968.8,1,0.899032,1,1,0,4968.9,-0.0096879,0.998563
-4968.81,0.990089,0.899032,2,3,0,4968.95,-0.000946648,0.995942
-4969.62,0.87586,0.899032,2,3,0,4969.98,0.00430928,1.00358
-4969.43,0.954251,0.899032,2,3,0,4970.5,-0.0159615,0.992548
-4970.45,0.929799,0.899032,2,3,0,4970.56,-0.0239521,0.994501
-4970.44,0.836389,0.899032,2,3,0,4973.07,-0.00824347,1.01011
-4969.52,1,0.899032,2,3,0,4970.75,0.00593137,0.992975
-4969.26,1,0.899032,2,3,0,4969.56,0.00258368,0.992199
-4969.52,0.98065,0.899032,2,3,0,4969.67,-3.22143e-05,0.988787
-4969.43,0.884025,0.899032,2,3,0,4970.93,0.00223633,0.990476
-4969.39,0.926797,0.899032,2,3,0,4970.45,0.00584927,0.999015
-4969.59,0.984482,0.899032,2,3,0,4969.84,0.00721067,0.994336
-4969.02,1,0.899032,2,3,0,4969.5,0.000774604,0.993491
-4968.85,0.967602,0.899032,2,3,0,4969.33,-0.000219211,0.995985
-4969.47,0.862708,0.899032,2,3,0,4969.8,0.000601995,1.00463
-4969.43,0.921092,0.899032,2,3,0,4970.57,-0.00979499,1.00505
-4969.54,0.949324,0.899032,2,3,0,4970.32,0.000722224,0.98897
-4970.37,0.940253,0.899032,2,3,0,4970.65,0.0104013,0.990825
-4968.84,0.991698,0.899032,1,3,0,4970.25,-0.00349971,0.993328
-4969.1,0.888033,0.899032,1,3,0,4969.66,-0.00353785,1.00316
-4969.51,0.88584,0.899032,2,3,0,4970.31,-0.0102452,1.00537
-4971.73,0.678167,0.899032,2,3,0,4972.33,0.0186841,0.994504
-4970.68,1,0.899032,2,3,0,4972.24,-0.0204276,1.00646
-4970.92,0.811026,0.899032,2,3,0,4973.79,-0.0252995,0.991861
-4970.32,0.75552,0.899032,2,3,0,4975.08,0.00324825,1.00815
-4969.83,0.989416,0.899032,2,3,0,4970.77,-0.00220343,0.986654
-4970.16,0.80577,0.899032,2,7,0,4971.88,0.0111583,0.999338
-4970.31,0.964282,0.899032,1,1,0,4970.62,0.0122898,0.997781
-4969.31,1,0.899032,2,3,0,4970.4,0.00312474,0.99217
-4969.91,0.913991,0.899032,2,3,0,4970.16,-0.00918197,1.00772
-4972.81,0.817145,0.899032,2,3,0,4972.92,-0.00412382,1.01746
-4970.06,1,0.899032,2,3,0,4973.21,-0.0206662,0.992311
-4968.77,0.991285,0.899032,1,3,0,4969.91,-0.00946258,0.996588
-4971.6,0.532638,0.899032,1,3,0,4972.3,-0.0168344,0.982138
-4968.74,0.960321,0.899032,1,3,0,4971.85,-0.00874047,0.99755
-4969.03,0.953881,0.899032,2,3,0,4969.04,0.00234578,0.998225
-4969.32,0.803098,0.899032,2,3,0,4970.83,-0.0167112,0.996182
-4969.22,0.999788,0.899032,2,3,0,4969.48,0.004687,0.997125
-4969.58,0.921732,0.899032,1,1,0,4969.63,0.00768179,0.9976
-4968.96,1,0.899032,2,7,0,4969.5,-0.0120445,0.999292
-4969.47,0.932987,0.899032,2,3,0,4969.73,0.00298014,1.00339
-4969.07,1,0.899032,1,1,0,4969.42,-0.0013407,1.00227
-4971.24,0.759139,0.899032,2,3,0,4971.84,0.0105504,0.986064
-4972.08,0.942175,0.899032,2,3,0,4972.69,0.0058773,0.980746
-4970.76,0.787786,0.899032,2,3,0,4974.73,0.0138059,1.00128
-4970.59,1,0.899032,2,3,0,4971.32,-0.023546,0.991785
-4968.75,0.979009,0.899032,1,3,0,4970.62,-0.00849146,0.998359
-4969.82,0.876304,0.899032,2,3,0,4969.92,0.00883996,0.999847
-4969.63,1,0.899032,2,3,0,4969.95,0.00686368,1.00093
-4969.84,0.971315,0.899032,2,3,0,4970.14,-0.0167362,0.989786
-4969.63,0.989109,0.899032,2,3,0,4970.16,-0.000978898,1.00611
-4971.86,0.803889,0.899032,2,3,0,4972.43,0.00724887,0.981954
-4969.02,0.991903,0.899032,1,3,0,4971.38,-0.000588376,0.992474
-4972.6,0.425821,0.899032,2,3,0,4973.99,-0.0249388,0.983072
-4970.99,0.981751,0.899032,2,3,0,4972.91,0.00185479,1.01129
-4969.07,0.937651,0.899032,2,3,0,4971.64,0.002846,0.995547
-4968.97,0.927298,0.899032,2,3,0,4969.83,-0.0120805,0.999574
-4968.96,0.979983,0.899032,2,3,0,4969.3,-0.00371274,1.00192
-4969.29,0.950107,0.899032,2,3,0,4969.35,-0.0122055,0.990843
-4968.85,0.920152,0.899032,1,3,0,4969.92,-0.00243335,1.00015
-4973.58,0.608473,0.899032,2,3,0,4973.97,-0.0342334,0.988635
-4969.77,1,0.899032,2,3,0,4972.88,0.00906649,0.996671
-4968.76,1,0.899032,2,3,0,4969.8,-0.00500077,0.999587
-4968.71,0.859651,0.899032,2,3,0,4969.84,-0.00751412,0.996436
-4970.58,0.76306,0.899032,2,3,0,4971.07,-0.0235288,0.991903
-4970.61,0.998481,0.899032,2,7,0,4971.12,0.0116939,1.00355
-4970.72,0.989686,0.899032,2,3,0,4970.81,-0.023561,0.990764
-4968.83,0.985952,0.899032,1,3,0,4970.57,-0.0107327,0.99752
-4969.04,0.949522,0.899032,2,3,0,4969.22,-0.00944318,0.99176
-4968.71,0.997325,0.899032,1,3,0,4969,-0.00662937,0.995869
-4968.75,0.951712,0.899032,2,3,0,4969.05,-0.00481437,0.999184
-4971.33,0.739564,0.899032,2,3,0,4971.54,0.00111316,0.981667
-4969.01,1,0.899032,2,3,0,4971.25,0.00144896,0.994387
-4969.01,0.698224,0.899032,1,3,0,4970.71,0.00144896,0.994387
-4969.69,0.856642,0.899032,2,3,0,4970.19,-0.0103997,0.987612
-4969.69,0.872409,0.899032,1,1,0,4970.27,-0.0103997,0.987612
-4969.19,0.833884,0.899032,2,3,0,4970.79,0.00434004,0.997295
-4968.73,1,0.899032,2,3,0,4969.14,-0.00711006,0.995131
-4968.97,0.92907,0.899032,1,3,0,4969.18,0.00185276,0.997012
-4969.32,0.743145,0.899032,2,3,0,4971.28,-0.0167382,0.997921
-4969.21,0.877658,0.899032,1,3,0,4970.65,0.00247432,0.992632
-4969.01,0.902102,0.899032,2,3,0,4970.24,-0.0113422,1.0009
-4970.06,0.830167,0.899032,2,3,0,4970.28,0.0104817,0.999626
-4968.74,1,0.899032,2,3,0,4969.87,-0.0074223,0.995114
-4969.72,0.798042,0.899032,1,3,0,4970.01,-0.0196205,0.998991
-4973.86,0.412275,0.899032,2,3,0,4975.66,-0.0229506,0.97831
-4969.48,0.799242,0.899032,2,3,0,4976.27,-0.0131326,0.989904
-4969.05,0.633184,0.899032,2,3,0,4973.66,-0.000184344,1.00153
-4969.25,0.887046,0.899032,2,3,0,4970.2,-0.0129863,0.991631
-4969.62,0.74998,0.899032,2,7,0,4971.3,-0.00299132,1.00641
-4969.55,0.934506,0.899032,2,3,0,4970.75,-0.00558236,0.987733
-4969.72,0.935883,0.899032,2,7,0,4970.61,-0.0189471,0.993312
-4969.78,0.989343,0.899032,2,3,0,4970.26,0.00849,0.994006
-4969.85,0.983735,0.899032,2,3,0,4970.37,-0.0142169,1.00583
-4968.93,1,0.899032,2,3,0,4969.93,-0.010093,0.993255
-4968.93,0.999863,0.899032,2,7,0,4968.94,-0.00116525,1.00073
-4969.13,0.798955,0.899032,2,3,0,4970.73,-0.00937359,0.9909
-4969.73,0.758876,0.899032,2,3,0,4971.4,0.0017292,1.00573
-4969.99,0.899965,0.899032,2,3,0,4971.08,-0.0152903,0.987951
-4970.8,0.914127,0.899032,2,3,0,4971.7,-0.0260529,0.996603
-4969.78,0.988764,0.899032,2,3,0,4970.84,0.00773212,1.00138
-4969.18,1,0.899032,1,1,0,4969.67,0.00279513,1.00065
-4970.02,0.941466,0.899032,2,3,0,4970.13,0.0106142,0.997948
-4968.92,1,0.899032,2,3,0,4969.81,-0.0118964,0.998707
-4969.88,0.840493,0.899032,2,3,0,4970.09,-0.00401486,0.986197
-4969.51,0.904375,0.899032,2,3,0,4971.09,-0.00591482,1.00603
-4971.89,0.615154,0.899032,2,3,0,4973,-0.0287018,1.00439
-4971.69,1,0.899032,2,3,0,4972.37,0.0173415,0.991338
-4969.21,1,0.899032,2,3,0,4971.55,-0.0137375,0.992672
-4970.65,0.873639,0.899032,2,3,0,4970.82,0.0141297,0.997245
-4968.93,1,0.899032,2,3,0,4970.43,-0.0104307,0.993405
-4969.5,0.880214,0.899032,2,3,0,4969.88,0.0025553,0.990098
-4968.82,1,0.899032,2,3,0,4969.59,-0.0019538,0.999379
-4968.84,0.99846,0.899032,2,3,0,4968.91,-0.000214199,0.996949
-4968.78,0.99073,0.899032,2,3,0,4968.96,-0.00385851,0.999565
-4968.71,0.890624,0.899032,2,3,0,4969.61,-0.00744426,0.996367
-4968.69,0.850421,0.899032,2,3,0,4969.83,-0.00610982,0.997128
-4968.84,0.963125,0.899032,1,3,0,4968.9,-0.00302476,0.993581
-4969.65,0.798661,0.899032,2,3,0,4970.61,-0.0104859,1.00615
-4969.51,1,0.899032,2,3,0,4970.22,-0.0179692,0.99925
-4970.49,0.803022,0.899032,1,1,0,4970.53,-0.0236014,1.00124
-4969.06,0.999501,0.899032,2,7,0,4970.18,0.00214014,0.994353
-4970.15,0.796892,0.899032,2,3,0,4970.7,0.00215352,1.00775
-4973.08,0.591291,0.899032,2,3,0,4976.19,-0.0322958,1.00628
-4972.88,1,0.899032,2,3,0,4974.18,0.0190625,0.986705
-4969.03,0.978589,0.899032,1,3,0,4972.49,0.00259526,0.99711
-4970.56,0.591942,0.899032,2,3,0,4971.91,-0.0127822,1.00972
-4968.72,0.975158,0.899032,1,3,0,4970.64,-0.00785864,0.997471
-4968.82,0.80262,0.899032,2,3,0,4970.28,-0.000712175,0.995941
-4969.62,0.880484,0.899032,2,3,0,4969.97,0.00290897,1.0045
-4968.81,1,0.899032,2,3,0,4969.68,-0.000832979,0.996502
-4968.81,0.985565,0.899032,1,1,0,4968.87,-0.000832979,0.996502
-4969.4,0.927827,0.899032,2,3,0,4969.52,-0.00856998,1.00508
-4970.27,0.815826,0.899032,2,3,0,4971.18,0.0109524,1.00149
-4969.78,1,0.899032,2,3,0,4970.45,-0.020195,0.995796
-4969.64,0.735459,0.899032,2,3,0,4972.84,0.0079047,0.995321
-4969.68,0.990234,0.899032,1,1,0,4969.89,0.00801866,0.994696
-4970.3,0.944796,0.899032,2,3,0,4970.66,-0.0222807,0.992529
-4971.91,0.689102,0.899032,1,1,0,4972.05,-0.0303355,0.993515
-4972.26,0.974432,0.899032,2,3,0,4972.7,0.020179,1.002
-4969.48,0.769342,0.899032,1,3,0,4974.63,-0.0142475,1.00341
-4968.76,0.95414,0.899032,1,3,0,4969.84,-0.0020235,0.996898
-4969.17,0.956047,0.899032,2,3,0,4969.18,-0.0144729,0.999858
-4969.17,0.493209,0.899032,2,3,0,4972.92,-0.0144729,0.999858
-4969.24,0.988806,0.899032,2,3,0,4969.44,0.000302512,0.990843
-4969.33,0.993829,0.899032,2,3,0,4969.42,-0.0123898,1.00332
-4969.97,0.806924,0.899032,2,3,0,4971.47,-0.0144347,0.987641
-4969.32,0.98075,0.899032,2,3,0,4970.54,0.000988389,0.990612
-4969.83,0.7501,0.899032,2,3,0,4971.07,-0.0192358,0.992562
-4969.71,1,0.899032,2,3,0,4970.11,-0.0152134,0.989554
-4969.35,0.811562,0.899032,2,3,0,4971.07,-0.0107278,1.00422
-4969.68,0.854893,0.899032,2,3,0,4971.03,-0.00116876,0.987606
-4971.95,0.796801,0.899032,2,7,0,4972.11,-0.00530489,1.0152
-4970.85,1,0.899032,1,1,0,4972.03,-0.00072609,1.01134
-4969.79,1,0.899032,1,1,0,4970.68,-0.0029833,1.0073
-4968.71,0.979714,0.899032,1,3,0,4969.95,-0.00373154,0.996657
-4968.7,0.939498,0.899032,2,3,0,4969.13,-0.00595215,0.997855
-4970.2,0.712787,0.899032,1,3,0,4970.59,-0.0131593,1.00806
-4968.91,0.962985,0.899032,2,3,0,4970.64,0.000259008,0.999131
-4968.91,0.950893,0.899032,2,7,0,4969.33,-0.00507842,0.992319
-4969.14,0.927264,0.899032,2,3,0,4969.53,0.00305239,0.994193
-4969.52,0.662481,0.899032,2,3,0,4972.47,-0.0139034,1.00391
-4968.9,0.962562,0.899032,2,3,0,4969.91,-0.00608709,1.00145
-4968.81,1,0.899032,2,3,0,4968.97,-0.000957593,0.995811
-4968.93,0.974159,0.899032,1,1,0,4968.94,0.000506033,0.994769
-4969.87,0.890935,0.899032,2,3,0,4970.12,-0.0168387,0.989684
-4969.54,0.8879,0.899032,2,3,0,4971.5,0.00541443,1.00182
-4969.11,0.935632,0.899032,2,3,0,4970.28,-0.00169354,1.00281
-4968.96,0.987845,0.899032,2,3,0,4969.39,0.00106333,0.99484
-4969.89,0.730875,0.899032,1,3,0,4970.97,-0.0192305,0.991924
-4969.95,0.974503,0.899032,2,3,0,4971.01,-0.00943333,1.00786
-4969.95,0.734854,0.899032,1,1,0,4971.14,-0.00943333,1.00786
-4969.68,0.847335,0.899032,2,3,0,4971.97,-0.0164729,0.99077
-4969.58,0.688772,0.899032,2,7,0,4973.19,0.00677021,1.00042
-4969.42,0.801904,0.899032,2,7,0,4971.3,-0.0165805,1.00052
-4969.38,0.796161,0.899032,2,7,0,4971.17,0.00610349,0.996969
-4969.26,0.973283,0.899032,2,3,0,4969.84,-0.016184,0.995957
-4969.26,0.444749,0.899032,1,3,0,4973.26,-0.016184,0.995957
-4968.98,0.963443,0.899032,2,3,0,4969.64,-0.00561611,0.99155
-4968.98,0.699503,0.899032,1,3,0,4970.7,-0.00561611,0.99155
-4969.95,0.873165,0.899032,2,3,0,4970.3,-0.0208118,1.00005
-4970.21,0.965169,0.899032,2,3,0,4970.64,0.00801689,0.989399
-4969.16,1,0.899032,1,1,0,4969.97,0.00236288,0.993055
-4968.99,0.915556,0.899032,1,3,0,4970.07,-0.01197,1.00007
-4969.15,0.988363,0.899032,2,3,0,4969.26,-0.00936011,1.00321
-4968.74,0.99085,0.899032,2,3,0,4969.24,-0.00301026,0.997998
-4970.71,0.78932,0.899032,2,3,0,4970.85,-0.0254574,0.995305
-4969.28,0.999104,0.899032,2,7,0,4970.41,0.005204,0.997656
-4968.96,0.904653,0.899032,1,3,0,4970.14,-0.0126084,0.998387
-4969.46,0.953785,0.899032,2,3,0,4969.57,-0.0171633,0.993937
-4969.55,0.847267,0.899032,2,3,0,4971.27,0.00739547,0.998044
-4969.35,1,0.899032,2,3,0,4969.88,0.00331437,0.991924
-4968.97,1,0.899032,2,3,0,4969.29,0.00124649,0.994925
-4968.75,0.987802,0.899032,2,3,0,4969.09,-0.00440984,0.994596
-4969.78,0.747736,0.899032,1,3,0,4970.42,-0.0195651,1.00036
-4969.17,0.91639,0.899032,2,3,0,4970.72,-0.015121,0.99539
-4969.41,0.945781,0.899032,1,1,0,4969.48,-0.0165772,0.993608
-4968.77,0.996881,0.899032,1,3,0,4969.32,-0.00957712,0.996871
-4968.96,0.964696,0.899032,2,3,0,4969.04,-0.00333504,0.992023
-4970.68,0.817729,0.899032,2,3,0,4970.84,-0.0230495,1.00389
-4971.79,0.841157,0.899032,2,3,0,4972.34,0.0107001,0.983948
-4973.79,0.741224,0.899032,2,3,0,4974.87,-0.0119406,1.0194
-4969.52,1,0.899032,2,3,0,4972.97,-0.0088265,0.988187
-4968.72,0.992562,0.899032,1,3,0,4969.46,-0.00594411,0.995292
-4969.65,0.821577,0.899032,1,3,0,4969.82,-0.00142845,0.987701
-4971,0.751781,0.899032,2,3,0,4971.93,0.0119877,1.00577
-4969.08,1,0.899032,2,3,0,4971.26,-0.000714964,0.99177
-4970.03,0.905091,0.899032,2,3,0,4970.22,-0.0216391,0.999186
-4969.65,1,0.899032,1,1,0,4970.09,-0.0188157,0.99989
-4969.44,0.827675,0.899032,1,3,0,4971.66,0.00359789,0.991313
-4969.6,0.76842,0.899032,2,3,0,4971.92,-0.017522,1.00142
-4970.67,0.631128,0.899032,2,3,0,4972.58,-0.012163,0.983854
-4969.17,1,0.899032,2,7,0,4970.35,-0.00305926,1.00364
-4969.53,0.905012,0.899032,2,3,0,4970.27,0.00704495,0.998719
-4970.26,0.925512,0.899032,2,3,0,4970.86,-0.0109528,0.985158
-4970.26,0.750851,0.899032,1,1,0,4971.37,-0.0109528,0.985158
-4969.15,1,0.899032,2,3,0,4970.39,-0.0122372,1.00182
-4969.4,0.917544,0.899032,2,3,0,4970.12,-0.00285393,1.00514
-4970.16,0.826357,0.899032,2,3,0,4971.41,0.00997328,1.00203
-4969.8,1,0.899032,1,1,0,4970.29,0.00896739,0.998952
-4969.35,1,0.899032,1,1,0,4969.76,0.00541247,0.999115
-4969.13,0.944579,0.899032,2,3,0,4970.05,-0.00132503,1.00286
-4971.59,0.602206,0.899032,2,3,0,4972.3,-0.017296,1.01199
-4969.6,1,0.899032,2,3,0,4971.67,0.00771483,0.995737
-4969.34,0.877897,0.899032,2,7,0,4970.79,-0.0100308,0.989579
-4969.87,0.960977,0.899032,2,3,0,4970,-0.0164316,0.989375
-4969.81,0.98834,0.899032,2,3,0,4970.38,-0.00320761,1.00742
-4969.38,0.894868,0.899032,2,3,0,4971.3,-0.00991126,0.989275
-4970.61,0.788825,0.899032,2,3,0,4971.76,0.0111865,0.990008
-4969.55,1,0.899032,2,3,0,4970.9,-0.00300826,0.987927
-4969.72,0.961462,0.899032,1,1,0,4969.88,-0.00249849,0.987119
-4970.52,0.832053,0.899032,1,1,0,4970.62,0.00112104,0.98447
-4968.93,1,0.899032,2,3,0,4970.24,-0.00428745,1.00171
-4968.91,0.971998,0.899032,2,7,0,4969.24,-0.0120773,0.997891
-4971.28,0.59161,0.899032,2,3,0,4972.13,-0.0172219,0.983366
-4969.85,1,0.899032,1,1,0,4971,-0.014034,0.988117
-4968.85,0.998125,0.899032,1,3,0,4969.65,-0.00877264,0.99362
-4970.69,0.646609,0.899032,2,3,0,4971.38,-0.0243398,1.00188
-4969.52,1,0.899032,2,3,0,4970.5,-0.0183619,0.997865
-4969.69,0.939485,0.899032,2,3,0,4970.6,-0.00508131,1.00695
-4969.02,0.881923,0.899032,1,3,0,4970.8,-0.0010653,0.992248
-4969,0.948571,0.899032,2,3,0,4969.58,0.000820846,0.993809
-4971.23,0.645274,0.899032,2,3,0,4971.75,-0.0224895,0.986671
-4970.48,1,0.899032,1,1,0,4971.32,-0.0186059,0.98742
-4969.31,0.998502,0.899032,2,3,0,4970.3,-0.000470969,1.00392
-4969.47,0.980468,0.899032,2,3,0,4969.77,-0.00272908,0.988433
-4970.06,0.87103,0.899032,1,1,0,4970.15,0.00113028,0.986364
-4969.29,1,0.899032,1,1,0,4969.91,-0.00124658,0.989859
-4969.62,0.947145,0.899032,2,3,0,4969.93,-0.0183318,1.00032
-4968.71,1,0.899032,2,3,0,4969.46,-0.00380261,0.996152
-4968.74,0.943088,0.899032,2,3,0,4969.12,-0.00663459,0.99892
-4969.06,0.90042,0.899032,1,3,0,4969.38,-0.006637,0.990936
-4969.23,0.946724,0.899032,2,3,0,4969.63,-0.00542518,1.0043
-4969.61,0.79971,0.899032,1,3,0,4971.38,-0.00386921,0.987501
-4969.4,0.894436,0.899032,2,7,0,4970.71,0.00607354,0.998448
-4969.44,0.996598,0.899032,2,3,0,4969.7,-0.0172604,0.994398
-4969.52,0.851825,0.899032,2,3,0,4971.2,0.00720462,0.997432
-4969.45,1,0.899032,2,7,0,4969.99,0.00292513,0.990742
-4970.76,0.888648,0.899032,2,3,0,4970.96,-0.0249654,1.00139
-4969.43,1,0.899032,1,1,0,4970.49,-0.0176157,0.998272
-4968.77,1,0.899032,2,3,0,4969.49,-0.00780334,0.994616
-4969.1,0.886596,0.899032,2,3,0,4969.42,-0.00993433,1.00251
-4970.57,0.748315,0.899032,2,3,0,4971.05,0.01298,1.00087
-4970.85,0.976807,0.899032,2,3,0,4971.34,-0.0258371,0.994017
-4968.84,1,0.899032,2,3,0,4970.86,-0.00766487,0.993374
-4968.85,0.998904,0.899032,2,3,0,4968.89,-0.00858505,0.993509
-4969.7,0.882782,0.899032,2,7,0,4970.02,0.00618485,0.991428
-4970.3,0.877995,0.899032,2,3,0,4971.31,0.00180527,1.00858
-4971.96,0.89929,0.899032,2,3,0,4972.09,-0.000215018,1.0148
-4972.71,0.83308,0.899032,2,3,0,4974.68,-0.0130623,0.977983
-4972.71,0.124856,0.899032,1,1,0,4979.45,-0.0130623,0.977983
-4972.16,1,0.899032,1,1,0,4973.24,-0.0125149,0.979298
-4972.16,0.840863,0.899032,1,1,0,4973.35,-0.0125149,0.979298
-4970.16,1,0.899032,2,3,0,4971.8,-0.0134109,0.986277
-4969.85,1,0.899032,1,1,0,4970.31,-0.00971256,0.986687
-4969.44,1,0.899032,2,3,0,4970.2,-0.0164299,0.993053
-4969.03,0.909969,0.899032,2,3,0,4970.08,-0.00787854,1.0025
-4969.78,0.836922,0.899032,2,3,0,4970.26,-0.0203251,0.997622
-4969.12,0.87823,0.899032,1,3,0,4971.02,0.00032424,0.991915
-4969.3,0.83945,0.899032,1,3,0,4970.55,-0.0153795,1.00052
-4968.86,1,0.899032,2,3,0,4969.28,-0.011395,0.996275
-4968.82,1,0.899032,2,3,0,4968.87,-0.010594,0.99709
-4969.97,0.746371,0.899032,2,3,0,4970.52,-0.00663885,0.985782
-4968.71,0.949624,0.899032,1,3,0,4970.31,-0.00604019,0.998264
-4970.87,0.6182,0.899032,1,3,0,4971.41,-0.00620109,1.01182
-4968.7,0.969129,0.899032,1,3,0,4971.05,-0.00697968,0.997501
-4969.08,0.953481,0.899032,2,3,0,4969.11,0.00307338,0.997904
-4968.78,0.958185,0.899032,1,3,0,4969.41,-0.00938481,0.998194
-4969.87,0.720299,0.899032,1,3,0,4970.71,0.00689378,0.990779
-4968.83,1,0.899032,2,3,0,4969.75,-0.0107308,0.995841
-4968.77,1,0.899032,2,3,0,4968.86,-0.00251852,0.995277
-4968.77,0.701071,0.899032,1,3,0,4970.42,-0.00251852,0.995277
-4969.99,0.699737,0.899032,1,3,0,4970.82,-0.0216033,0.998115
-4969.93,1,0.899032,1,1,0,4970.24,-0.0210951,0.998758
-4969.57,0.885692,0.899032,2,3,0,4971.4,0.00715494,0.994576
-4968.92,0.968196,0.899032,2,3,0,4969.94,-0.000734191,1.00022
-4969.02,0.992476,0.899032,2,3,0,4969.06,-0.00115919,1.00175
-4968.76,1,0.899032,2,7,0,4968.97,-0.00849419,0.995142
-4968.98,0.783343,0.899032,2,3,0,4970.49,0.000365362,1.00022
-4969.4,0.952862,0.899032,2,7,0,4969.49,-0.00949307,0.989042
-4969.36,0.979379,0.899032,2,3,0,4970.06,-0.000127713,1.00413
-4969.12,0.965935,0.899032,2,3,0,4969.89,-0.0119853,1.00168
-4969.71,0.95641,0.899032,2,3,0,4969.86,-0.00801635,1.00692
-4968.78,1,0.899032,2,3,0,4969.63,-0.0015725,0.996195
-4969.64,0.83166,0.899032,1,3,0,4969.86,0.00516351,1.00307
-4968.91,0.987655,0.899032,2,3,0,4969.88,-0.000670574,0.993833
-4969.1,0.983443,0.899032,2,3,0,4969.23,-0.0143275,0.995476
-4968.77,0.998279,0.899032,2,7,0,4969.16,-0.00653523,0.999665
-4968.89,0.859101,0.899032,2,3,0,4969.9,-0.00334134,0.992772
-4969.03,0.636533,0.899032,2,3,0,4972.38,-0.0117718,1.00077
-4970.14,0.836998,0.899032,2,3,0,4970.29,-0.0042224,0.985092
-4969.6,0.704603,0.899032,2,3,0,4972.3,0.00490824,1.0029
-4969.63,0.969261,0.899032,2,3,0,4970.49,-0.0177581,0.99263
-4968.99,1,0.899032,1,1,0,4969.48,-0.0125626,0.994522
-4968.83,0.704676,0.899032,2,3,0,4971.76,-0.000251201,0.996991
-4968.83,0.889357,0.899032,1,3,0,4969.58,-0.000251201,0.996991
-4968.87,0.946388,0.899032,2,3,0,4969.32,-0.0111516,0.995539
-4968.76,0.896324,0.899032,2,3,0,4969.7,-0.00198409,0.997701
-4969.98,0.766941,0.899032,2,3,0,4970.34,0.0044616,0.988223
-4968.71,0.983867,0.899032,1,3,0,4970.03,-0.00369299,0.997058
-4968.72,0.809396,0.899032,2,3,0,4970.21,-0.00591106,0.995199
-4969.64,0.873437,0.899032,2,3,0,4969.87,-0.0191892,0.995414
-4969.65,0.99999,0.899032,2,7,0,4969.77,0.00815687,0.997786
-4969.59,0.995541,0.899032,2,3,0,4969.99,-0.0169594,0.991991
-4969.63,0.984781,0.899032,2,3,0,4969.96,0.00259509,1.0047
-4969.5,0.833515,0.899032,2,3,0,4971.55,-0.0107564,0.988769
-4968.8,0.996568,0.899032,2,3,0,4969.61,-0.00225192,0.994634
-4969.31,0.944603,0.899032,2,3,0,4969.36,-0.00610757,1.00482
-4968.97,1,0.899032,2,3,0,4969.31,-0.00834649,0.992065
-4968.88,0.97156,0.899032,2,3,0,4969.3,-0.00401615,1.00118
-4969.5,0.936497,0.899032,2,3,0,4969.56,-0.00831158,1.00575
-4968.75,1,0.899032,2,3,0,4969.35,-0.00386956,0.994736
-4969.79,0.738546,0.899032,1,3,0,4970.5,-0.0184663,1.00213
-4970.25,0.9544,0.899032,2,3,0,4970.88,0.0106679,1.00181
-4970.68,0.96976,0.899032,2,3,0,4971.71,1.94957e-05,1.01057
-4969.28,1,0.899032,2,3,0,4970.84,-0.0163075,0.995865
-4969.28,0.551608,0.899032,1,3,0,4972.32,-0.0163075,0.995865
-4969.53,0.956999,0.899032,2,3,0,4969.72,0.00513437,1.00206
-4970.6,0.789237,0.899032,1,1,0,4970.63,0.0105166,1.00485
-4972.99,0.86096,0.899032,2,3,0,4973.31,0.0230927,1.00135
-4968.73,1,0.899032,2,3,0,4972.74,-0.00546668,0.99891
-4968.75,0.994766,0.899032,2,3,0,4968.79,-0.00224282,0.996834
-4969.73,0.819188,0.899032,1,3,0,4969.88,0.00744103,1.00124
-4969.14,1,0.899032,2,3,0,4970.03,-0.0114025,1.00222
-4969.24,0.968545,0.899032,2,3,0,4969.69,0.00308258,1.00102
-4968.92,1,0.899032,2,7,0,4969.28,-0.0121633,0.998184
-4969.46,0.945904,0.899032,2,3,0,4969.57,0.00494795,1.00155
-4968.7,0.979067,0.899032,1,3,0,4969.61,-0.00654442,0.99694
-4968.82,0.734554,0.899032,2,3,0,4970.9,-0.003609,1.00024
-4968.76,0.718897,0.899032,2,3,0,4971.31,-0.00929969,0.997192
-4968.82,0.98647,0.899032,1,1,0,4968.83,-0.0106084,0.997501
-4968.84,0.855529,0.899032,2,3,0,4970,-0.00131305,0.994474
-4968.95,0.789121,0.899032,2,3,0,4970.63,-0.0123986,0.998506
-4968.89,0.960501,0.899032,2,7,0,4969.32,-0.00190325,1.00049
-4968.84,1,0.899032,1,1,0,4968.9,-0.00287321,1.0003
-4968.76,0.954346,0.899032,2,3,0,4969.23,-0.00701986,0.994567
-4968.86,0.926704,0.899032,2,3,0,4969.31,-0.00304383,1.00055
-4969.21,0.94927,0.899032,2,7,0,4969.41,-0.0151183,0.999544
-4968.7,0.993521,0.899032,1,3,0,4969.25,-0.00654535,0.996198
-4969.44,0.896041,0.899032,2,3,0,4969.61,-0.0178061,0.997699
-4969.61,0.905021,0.899032,2,3,0,4970.78,0.007389,0.994302
-4969.17,1,0.899032,2,3,0,4969.84,-0.0126242,0.992177
-4969.17,0.815665,0.899032,1,1,0,4969.86,-0.0126242,0.992177
-4969.55,0.875931,0.899032,2,3,0,4970.51,-0.00700406,0.987797
-4969.49,0.884744,0.899032,2,3,0,4971,-0.00205708,0.988422
-4968.86,0.969225,0.899032,2,3,0,4969.81,-0.00872087,0.993427
-4970.42,0.699999,0.899032,2,3,0,4971.74,0.0115668,1.00201
-4970.06,0.887507,0.899032,2,3,0,4972.28,-0.00360958,1.00862
-4968.88,0.905521,0.899032,1,3,0,4970.89,-0.0107093,0.99451
-4968.97,0.929379,0.899032,2,7,0,4969.41,0.00118888,0.994725
-4969.19,0.78388,0.899032,2,3,0,4970.92,-0.0152809,0.998685
-4971.75,0.803523,0.899032,2,3,0,4971.79,0.0155118,0.988173
-4969.59,1,0.899032,2,3,0,4971.83,-0.00246341,0.987782
-4968.82,1,0.899032,2,3,0,4969.58,-0.00154079,0.999142
-4969.25,0.849286,0.899032,1,3,0,4969.89,-0.0112096,0.990644
-4969.38,0.989964,0.899032,2,3,0,4969.73,-0.0170969,0.995568
-4968.81,0.928014,0.899032,1,3,0,4969.94,-0.000687758,0.997183
-4968.8,0.914144,0.899032,2,3,0,4969.51,-0.00980077,0.998449
-4969.04,0.69469,0.899032,2,3,0,4971.5,0.00268784,0.996673
-4968.93,0.966113,0.899032,2,3,0,4969.43,-0.00160777,0.992963
-4970.31,0.793171,0.899032,1,3,0,4970.36,0.00563759,0.987151
-4970.08,1,0.899032,2,3,0,4970.99,-0.0221135,0.998261
-4968.77,1,0.899032,2,3,0,4969.83,-0.00208808,0.995809
-4970.37,0.637615,0.899032,1,3,0,4971.36,-0.0135291,1.00868
-4968.75,1,0.899032,2,3,0,4970.13,-0.00685742,0.994659
-4968.78,0.914454,0.899032,2,3,0,4969.39,-0.00623257,0.999916
-4970.56,0.677371,0.899032,1,3,0,4970.99,-0.0229533,1.003
-4969.59,1,0.899032,1,1,0,4970.42,-0.0185383,0.99947
-4969.39,1,0.899032,1,1,0,4969.66,-0.0170417,0.999006
-4969.19,1,0.899032,1,1,0,4969.43,-0.0155457,0.997285
-4968.83,0.654481,0.899032,2,3,0,4972.69,-0.000363506,0.997269
-4968.77,1,0.899032,1,1,0,4968.83,-0.0016795,0.996428
-4968.85,0.96096,0.899032,2,3,0,4969.1,-0.00964089,0.999629
-4968.78,0.982955,0.899032,2,3,0,4968.98,-0.00272006,0.999042
-4968.83,0.989255,0.899032,2,3,0,4968.91,-0.000523271,0.995961
-4971.46,0.49064,0.899032,2,3,0,4972.96,-0.0111909,1.01327
-4973.68,0.620101,0.899032,1,1,0,4973.87,-0.0114388,1.01922
-4969.11,1,0.899032,2,3,0,4972.92,0.00147065,0.992828
-4968.74,0.966937,0.899032,1,3,0,4969.36,-0.00879643,0.996986
-4969.52,0.833382,0.899032,1,3,0,4969.79,-0.00895385,0.988226
-4969.59,0.994615,0.899032,2,3,0,4969.77,-0.00112474,1.00591
-4969.13,1,0.899032,1,1,0,4969.54,-0.00508215,1.00354
-4969.75,0.866531,0.899032,2,3,0,4970.56,-0.0168326,1.00352
-4969.8,0.995242,0.899032,2,3,0,4969.84,0.00606706,0.990532
-4969.11,0.9167,0.899032,2,3,0,4970.68,-0.00222855,0.990993
-4969.43,0.975265,0.899032,2,3,0,4969.56,0.00401208,0.991739
-4969.01,1,0.899032,2,3,0,4969.59,-0.0125068,0.994168
-4968.93,0.981396,0.899032,2,3,0,4969.31,-0.00361793,0.992236
-4969.22,0.85676,0.899032,1,3,0,4970.04,-0.0135496,1.00157
-4969.32,0.955276,0.899032,2,3,0,4969.93,-0.0128655,0.990964
-4969.14,1,0.899032,1,1,0,4969.36,-0.00972524,0.990952
-4969.78,0.668525,0.899032,2,3,0,4971.27,0.00803878,1.00088
-4969.65,0.901793,0.899032,2,3,0,4971.2,0.00497883,0.990713
-4970.51,0.941089,0.899032,2,3,0,4970.79,0.00104094,0.984464
-4970.46,1,0.899032,2,7,0,4970.79,-0.0134341,1.0091
-4971.66,0.76998,0.899032,1,1,0,4971.81,-0.0162077,1.01264
-4973.22,0.71561,0.899032,1,1,0,4973.56,-0.0217541,1.01521
-4971.8,0.9533,0.899032,2,3,0,4973.93,-0.00182142,0.9798
-4970.18,1,0.899032,2,3,0,4972.1,-0.0188693,1.00482
-4969.04,0.897411,0.899032,2,3,0,4971.35,0.00258605,0.998139
-4968.94,1,0.899032,1,1,0,4969.07,0.00149736,0.996803
-4969.71,0.73941,0.899032,1,3,0,4970.91,-0.0193313,0.999665
-4969.62,0.753796,0.899032,2,3,0,4972.5,0.00789272,0.998246
-4970.11,0.965764,0.899032,2,3,0,4970.24,0.0104861,1.0005
-4969.73,0.935279,0.899032,2,3,0,4971.17,-0.0198586,0.995642
-4970.75,0.694074,0.899032,2,3,0,4972.4,-0.00485032,0.982793
-4970.93,0.985716,0.899032,2,3,0,4971.52,-0.012411,0.982993
-4971.35,0.969366,0.899032,2,3,0,4971.77,-0.0109378,0.981329
-4969.57,1,0.899032,2,3,0,4971.13,-0.00810876,1.00616
-4968.73,0.989858,0.899032,1,3,0,4969.59,-0.00376266,0.998378
-4968.78,0.939858,0.899032,2,3,0,4969.18,-0.00728064,0.99421
-4968.78,0.753479,0.899032,1,3,0,4970.1,-0.00728064,0.99421
-4968.75,0.983598,0.899032,2,3,0,4968.94,-0.00481539,0.999293
-4970.27,0.695249,0.899032,1,3,0,4970.79,0.0120239,0.995806
-4969.92,0.936212,0.899032,2,3,0,4971.64,-0.00191711,1.00777
-4969.65,1,0.899032,2,3,0,4970.3,0.00535213,1.00297
-4969.63,1,0.899032,2,7,0,4969.95,-0.0172932,0.991967
-4968.92,0.9439,0.899032,2,3,0,4970.07,-0.00872691,1.00116
-4971.24,0.654278,0.899032,1,3,0,4971.47,-0.0213817,1.00849
-4969.62,1,0.899032,2,3,0,4971.47,-0.0192306,0.997013
-4968.73,0.989681,0.899032,1,3,0,4969.7,-0.00634771,0.995127
-4969.57,0.835353,0.899032,1,3,0,4969.72,-0.0161781,0.991361
-4969.15,1,0.899032,2,3,0,4969.67,-0.0151425,0.997089
-4968.82,0.969285,0.899032,2,3,0,4969.44,-0.0102207,0.995433
-4968.8,0.966601,0.899032,1,3,0,4969.13,-0.00131557,0.998351
-4969.07,0.894882,0.899032,1,3,0,4969.55,-0.0111794,0.992223
-4969.26,0.896676,0.899032,2,3,0,4970.11,-0.000925546,1.00371
-4969.06,0.939949,0.899032,2,3,0,4970.03,-0.0079852,0.991169
# 
#  Elapsed Time: 0.145786 seconds (Warm-up)
#                0.121035 seconds (Sampling)
#                0.266821 seconds (Total)
# 
